44
3 5 2 5
15 19 15 18
9 5 8 5
13 1 13 2
18 9 19 9
0 21 1 21
17 4 17 3
7 6 7 7
20 1 19 1
17 2 18 2
16 5 17 5
14 5 13 5
19 18 19 19
0 22 0 21
0 1 1 1
6 12 7 12
12 2 11 2
6 20 6 21
15 21 15 22
20 2 20 1
8 17 8 16
12 13 11 13
9 21 8 21
9 4 10 4
13 18 14 18
12 16 11 16
21 18 20 18
8 5 8 6
10 0 9 0
3 13 4 13
2 22 2 21
11 2 12 2
16 3 15 3
8 4 9 4
7 17 8 17
10 1 10 0
14 1 13 1
20 6 20 5
12 15 12 16
17 14 16 14
10 12 11 12
20 12 20 13
10 10 10 11
17 20 16 20
185
7 20 7 21
10 4 10 5
10 11 10 13
15 4 15 6
11 21 11 22
12 9 12 10
18 21 18 22
14 0 14 2
12 8 12 9
12 8 13 8
4 18 4 19
14 6 15 6
7 12 8 12
18 12 18 13
9 10 9 13
9 13 9 14
15 11 16 11
14 10 15 10
12 1 13 1
21 22 22 22
7 15 7 16
20 14 22 14
6 10 7 10
6 3 6 4
6 3 8 3
1 4 2 4
15 6 15 7
0 13 0 15
2 10 2 11
19 16 19 17
12 7 13 7
17 13 17 15
17 13 18 13
17 11 17 12
11 16 12 16
14 19 17 19
13 17 13 19
12 2 13 2
12 21 13 21
3 4 3 6
17 5 17 6
19 1 19 2
19 1 20 1
2 2 2 4
16 20 16 21
16 20 18 20
12 5 12 7
17 15 19 15
1 17 2 17
12 10 13 10
18 22 19 22
21 19 22 19
5 4 5 5
14 2 16 2
11 13 11 14
11 13 13 13
12 17 13 17
1 0 1 1
0 3 1 3
0 11 0 13
6 16 7 16
18 20 19 20
3 17 4 17
12 14 12 16
11 10 11 11
10 5 10 6
14 18 14 19
14 18 15 18
5 0 5 3
5 0 6 0
17 19 19 19
14 15 15 15
14 14 15 14
21 0 22 0
10 17 10 18
10 17 12 17
16 9 17 9
4 9 4 10
8 1 8 2
8 1 9 1
12 19 12 20
0 9 0 10
4 1 4 3
19 6 19 7
7 16 8 16
9 3 9 4
11 0 12 0
2 1 3 1
4 21 4 22
2 16 3 16
17 18 17 19
0 5 1 5
17 0 17 3
22 11 22 12
21 4 22 4
18 3 19 3
18 18 20 18
5 5 6 5
3 3 3 4
5 6 5 7
3 0 3 1
16 11 17 11
8 3 9 3
7 13 7 15
6 19 7 19
20 0 20 1
16 14 16 18
13 15 13 16
21 11 22 11
20 19 20 22
11 3 11 5
11 3 12 3
21 20 22 20
7 19 10 19
20 3 21 3
7 10 8 10
8 16 9 16
4 3 4 6
4 3 5 3
3 16 3 17
9 1 11 1
4 20 4 21
11 1 11 3
0 15 0 16
1 7 1 9
1 7 2 7
7 7 8 7
11 11 11 12
3 21 4 21
15 9 15 10
15 9 16 9
0 6 1 6
2 4 3 4
13 21 13 22
13 3 14 3
2 18 2 19
14 16 14 17
4 19 4 20
4 19 5 19
10 2 10 4
13 5 13 6
18 13 19 13
11 9 12 9
19 9 19 10
9 14 9 15
9 14 10 14
3 10 3 11
15 15 15 16
21 15 22 15
13 7 14 7
4 7 5 7
5 20 7 20
8 11 8 12
22 0 22 1
6 8 6 9
6 8 7 8
15 16 15 17
1 20 4 20
1 19 1 20
1 19 2 19
5 13 5 14
5 13 7 13
4 16 6 16
19 8 22 8
8 0 9 0
0 21 1 21
13 6 14 6
8 21 8 22
1 11 2 11
19 14 20 14
13 13 13 15
13 13 14 13
5 19 6 19
4 15 5 15
11 12 11 13
1 22 4 22
1 15 3 15
1 13 1 15
1 13 4 13
3 1 4 1
18 14 19 14
18 8 18 10
1 2 2 2
10 8 10 9
22 21 22 22
