99
7 15 7 16
17 6 17 7
2 16 3 16
6 16 6 15
11 12 11 11
16 21 15 21
19 5 19 4
6 15 7 15
5 3 5 2
9 15 9 16
1 2 1 1
21 12 21 13
10 15 11 15
10 9 10 10
10 8 10 9
18 7 19 7
21 13 21 12
0 5 0 4
10 16 11 16
6 9 7 9
18 21 17 21
4 1 3 1
18 17 19 17
12 20 11 20
12 1 12 2
15 18 15 19
19 4 19 5
1 3 2 3
3 4 3 3
18 20 18 21
12 8 12 9
12 19 12 20
0 6 0 5
18 6 18 7
2 13 2 14
13 20 14 20
12 9 12 10
18 7 18 6
3 3 3 4
14 19 14 18
20 11 21 11
13 3 12 3
8 9 8 10
15 17 15 18
16 20 15 20
15 21 16 21
4 12 5 12
10 19 11 19
6 21 6 20
7 9 8 9
19 19 18 19
15 13 15 12
3 11 3 12
15 0 15 1
3 5 4 5
16 19 16 20
2 14 2 15
4 9 4 8
17 1 17 2
19 7 20 7
12 18 11 18
12 0 13 0
11 4 12 4
16 4 16 3
10 12 11 12
8 11 7 11
1 1 1 0
20 20 20 21
12 16 12 17
19 17 19 16
12 13 11 13
11 15 12 15
5 0 5 1
20 16 21 16
6 20 7 20
12 15 11 15
11 12 12 12
1 0 1 1
13 2 13 3
12 21 13 21
2 3 3 3
13 5 13 6
20 9 20 10
5 18 5 19
11 13 12 13
13 8 12 8
3 3 3 2
1 14 2 14
19 9 19 8
18 21 18 20
19 15 20 15
11 16 12 16
6 8 5 8
3 9 3 8
20 19 20 20
1 1 2 1
8 1 7 1
6 11 6 10
6 14 5 14
167
16 13 17 13
3 0 3 1
20 3 20 4
9 18 9 20
14 8 14 9
14 8 16 8
16 3 18 3
9 10 10 10
16 5 16 8
5 6 5 7
2 15 2 17
2 15 3 15
4 8 5 8
17 10 18 10
9 12 9 13
10 17 12 17
16 10 16 13
16 10 17 10
3 10 4 10
9 13 12 13
19 16 19 18
15 4 15 5
15 4 18 4
7 0 10 0
8 16 9 16
17 7 17 9
13 15 13 18
6 5 7 5
7 4 7 5
14 2 16 2
18 16 18 18
20 1 20 2
20 18 21 18
18 11 18 12
3 4 3 6
1 13 3 13
21 16 21 17
12 2 12 3
5 9 5 10
5 9 8 9
12 6 12 8
2 9 2 10
2 9 5 9
10 5 12 5
3 2 4 2
13 19 15 19
8 5 9 5
4 14 4 21
5 11 7 11
7 12 7 13
7 12 9 12
11 2 11 3
12 11 12 12
12 11 13 11
2 18 2 19
4 11 4 13
4 11 5 11
6 17 6 18
6 17 7 17
9 17 9 18
1 8 1 9
1 8 2 8
11 6 11 7
11 6 12 6
14 13 16 13
5 20 7 20
9 8 11 8
17 16 18 16
20 13 20 14
14 17 16 17
1 11 2 11
20 15 21 15
4 21 5 21
7 11 7 12
12 20 14 20
3 8 4 8
2 1 2 2
2 19 2 21
4 0 4 2
4 0 7 0
1 12 1 13
5 13 5 14
19 8 19 11
19 8 21 8
12 14 12 16
0 4 3 4
12 8 14 8
5 4 5 6
5 4 6 4
20 10 21 10
20 0 21 0
19 5 19 8
19 5 20 5
18 5 18 6
18 5 19 5
16 14 17 14
18 14 18 15
18 14 19 14
3 6 3 7
3 6 4 6
0 10 0 11
11 21 13 21
13 3 13 6
17 17 17 18
13 18 13 19
8 17 8 18
3 14 4 14
5 10 6 10
20 14 20 15
5 17 5 19
8 4 9 4
2 21 4 21
14 9 14 12
14 4 14 6
20 5 20 7
18 19 21 19
16 18 17 18
13 14 14 14
21 10 21 11
7 18 7 19
3 15 3 16
4 13 4 14
13 6 14 6
10 18 10 20
13 0 13 3
8 19 8 21
3 7 3 8
16 8 16 10
5 7 6 7
7 5 7 6
14 20 15 20
0 12 1 12
5 21 8 21
9 6 9 7
9 6 11 6
11 1 11 2
0 11 1 11
6 19 7 19
10 14 10 17
10 14 11 14
15 9 15 12
7 19 7 20
2 2 3 2
16 2 16 3
18 9 18 10
17 11 18 11
14 12 14 13
12 10 12 11
15 5 15 7
15 5 16 5
12 17 12 20
2 11 4 11
10 4 10 5
7 2 7 3
7 2 8 2
0 13 0 15
5 14 5 17
7 13 9 13
1 15 2 15
10 11 11 11
8 2 9 2
18 8 18 9
19 3 19 5
7 3 7 4
5 8 5 9
5 8 9 8
21 8 21 9
