119
21 5 22 5
3 32 4 32
20 22 20 21
31 3 30 3
24 11 23 11
16 28 16 27
21 4 21 3
24 20 24 19
31 14 32 14
17 14 17 15
26 13 26 14
1 13 1 14
15 12 15 11
4 12 4 11
23 2 22 2
6 11 6 12
19 10 20 10
12 22 12 21
27 19 27 20
6 21 6 22
11 19 11 18
9 3 9 2
28 13 28 14
24 16 24 15
1 19 1 20
18 17 17 17
5 8 6 8
15 24 16 24
27 21 26 21
19 2 19 1
14 24 13 24
13 0 14 0
29 26 28 26
4 6 5 6
6 4 5 4
15 27 14 27
0 22 1 22
12 29 11 29
4 24 4 23
27 2 28 2
21 14 21 15
5 6 5 7
21 21 21 20
24 6 25 6
26 9 27 9
28 15 28 16
16 24 16 25
24 22 25 22
1 14 2 14
0 12 0 11
2 13 2 12
17 17 17 18
11 18 10 18
19 32 19 31
14 0 13 0
17 24 17 25
8 15 7 15
19 28 20 28
2 12 2 11
4 28 4 29
18 27 19 27
28 19 28 18
6 17 5 17
19 20 19 21
9 2 9 1
28 30 29 30
11 28 10 28
21 31 22 31
11 26 12 26
10 21 10 22
2 0 1 0
23 1 24 1
1 11 1 12
1 5 2 5
10 32 9 32
27 28 27 27
25 22 26 22
12 26 12 27
26 30 27 30
25 4 25 5
2 14 1 14
19 1 19 0
28 20 29 20
19 5 20 5
23 30 23 31
32 30 32 31
13 16 13 15
23 16 23 17
14 3 14 4
24 29 25 29
13 28 13 27
3 24 2 24
32 19 31 19
5 4 4 4
17 5 18 5
2 6 2 7
18 28 18 29
30 12 30 13
21 17 22 17
10 22 9 22
13 24 12 24
13 23 13 24
16 27 15 27
3 29 2 29
20 10 21 10
12 14 12 13
31 1 32 1
31 9 31 10
18 19 17 19
5 7 5 6
12 7 11 7
5 14 4 14
1 17 0 17
28 5 28 6
9 20 10 20
0 23 0 22
25 5 25 4
10 31 9 31
20 6 21 6
178
31 22 31 27
26 2 26 11
26 2 28 2
2 10 6 10
21 22 21 23
31 10 31 11
2 15 2 18
25 31 25 32
10 6 10 7
0 19 0 20
8 28 8 29
29 29 31 29
23 11 23 12
21 8 21 10
21 8 25 8
3 11 4 11
4 20 4 21
9 13 9 14
11 29 11 30
27 20 29 20
11 30 12 30
9 7 9 9
15 26 15 27
15 26 16 26
15 28 17 28
22 22 26 22
6 8 6 10
0 5 0 10
0 5 2 5
32 17 32 18
28 0 28 2
32 25 32 28
16 32 23 32
1 1 1 2
1 1 9 1
4 17 5 17
0 20 0 22
12 21 12 24
13 5 13 13
13 5 15 5
5 31 9 31
2 29 4 29
13 18 17 18
21 15 24 15
25 26 25 27
20 28 23 28
13 13 17 13
26 32 27 32
23 7 25 7
15 8 15 10
15 8 16 8
28 16 29 16
25 28 25 29
27 5 27 9
5 17 5 18
23 28 23 31
8 8 8 17
23 14 26 14
23 0 27 0
12 13 13 13
30 11 31 11
23 12 23 14
23 17 23 18
15 11 16 11
7 22 9 22
14 21 14 25
14 21 16 21
8 17 9 17
1 29 2 29
25 7 25 8
10 13 10 14
12 24 12 25
12 24 13 24
29 19 31 19
24 32 25 32
27 0 28 0
17 3 17 9
17 3 20 3
7 10 7 12
11 5 13 5
28 18 30 18
28 22 29 22
18 16 18 29
3 27 12 27
24 27 24 30
24 27 25 27
17 12 18 12
16 26 17 26
7 15 7 20
13 14 15 14
31 11 31 17
15 10 16 10
30 3 30 5
19 12 19 14
12 31 13 31
25 9 25 10
3 15 3 19
25 6 25 7
13 1 17 1
26 18 28 18
0 25 3 25
11 2 11 4
11 2 14 2
30 7 31 7
16 7 16 8
9 1 9 7
4 14 4 17
23 31 23 32
6 14 6 18
2 7 2 9
2 7 3 7
17 23 17 25
28 2 30 2
2 22 3 22
10 28 10 29
27 22 28 22
4 31 4 32
4 31 5 31
6 22 6 23
25 25 25 26
26 24 27 24
31 27 31 28
26 26 28 26
32 29 32 31
0 22 0 25
22 17 23 17
17 25 17 26
24 10 25 10
10 14 13 14
1 24 2 24
16 6 16 7
13 4 13 5
28 26 28 27
20 3 21 3
20 21 20 25
20 21 26 21
6 5 7 5
27 10 31 10
26 21 26 22
6 18 6 22
22 31 23 31
31 17 31 18
4 22 5 22
4 30 4 31
31 19 31 22
21 6 21 8
21 6 25 6
3 25 3 27
3 25 6 25
3 7 3 8
29 7 30 7
11 1 12 1
0 4 2 4
25 29 25 30
17 15 17 18
17 15 19 15
25 27 26 27
3 22 3 23
19 21 19 27
12 1 13 1
24 18 24 19
24 18 26 18
19 15 19 19
0 18 0 19
0 18 2 18
3 23 4 23
0 10 0 11
28 6 30 6
6 13 6 14
25 4 25 6
6 29 8 29
28 17 31 17
15 19 16 19
20 25 20 26
5 28 5 29
5 18 5 20
15 5 15 8
13 21 13 22
