71
19 24 19 23
17 14 16 14
19 9 19 10
6 13 6 14
10 6 10 5
5 4 6 4
4 9 4 8
24 16 23 16
10 14 10 13
7 10 6 10
0 3 1 3
14 13 15 13
14 6 14 5
5 27 6 27
27 17 27 16
3 14 2 14
10 22 9 22
15 6 16 6
18 18 19 18
16 3 17 3
18 4 18 5
24 3 24 2
23 7 23 8
26 27 27 27
11 8 10 8
13 5 13 6
7 22 7 21
22 9 23 9
7 21 7 22
13 15 12 15
9 18 8 18
19 3 20 3
17 16 18 16
14 16 14 15
17 6 17 7
20 11 20 10
6 27 5 27
1 23 1 22
22 21 22 20
17 2 17 1
23 16 23 17
7 1 6 1
17 11 17 12
22 1 21 1
12 9 13 9
16 0 17 0
20 2 20 1
11 2 11 3
10 5 10 4
2 17 2 18
18 22 19 22
15 23 15 24
17 19 16 19
6 8 7 8
10 8 10 7
3 25 3 24
26 13 26 12
4 8 5 8
3 11 3 10
12 23 13 23
13 23 13 24
1 22 1 21
17 9 17 8
27 16 27 15
3 1 3 2
20 20 19 20
21 22 22 22
15 24 16 24
18 20 18 21
22 8 22 9
15 13 15 14
129
3 6 5 6
3 8 5 8
16 22 16 24
19 23 19 25
19 23 20 23
25 2 27 2
1 3 1 5
1 3 3 3
17 10 17 12
13 18 13 22
13 18 19 18
2 0 2 2
2 0 3 0
10 7 10 10
10 7 11 7
13 17 13 18
9 2 9 3
15 9 15 12
3 2 3 3
24 5 24 13
22 26 25 26
19 20 19 22
0 26 1 26
26 12 26 18
12 15 12 17
18 8 19 8
16 14 16 15
16 14 18 14
12 7 17 7
21 1 21 3
6 1 6 4
6 14 6 18
19 22 19 23
19 22 22 22
1 15 2 15
0 24 0 25
0 24 3 24
3 0 6 0
27 3 27 8
25 9 25 11
25 9 26 9
6 10 10 10
10 4 10 7
10 10 12 10
23 10 23 13
12 0 13 0
15 12 15 14
14 22 14 25
14 22 16 22
6 26 22 26
16 2 16 6
11 1 11 3
11 1 17 1
9 15 9 17
9 15 10 15
21 27 27 27
18 1 18 5
26 5 26 8
20 3 20 10
20 3 21 3
3 27 5 27
20 1 20 3
20 1 21 1
14 21 18 21
11 6 11 7
18 5 18 8
9 17 9 22
10 18 10 19
18 13 23 13
13 3 13 6
13 3 14 3
19 18 19 20
11 20 11 22
15 14 16 14
22 9 23 9
11 0 12 0
9 27 12 27
0 22 0 24
11 18 11 20
4 7 10 7
7 12 7 22
7 12 15 12
14 9 15 9
19 16 19 18
5 14 6 14
2 14 2 15
2 14 4 14
12 17 12 20
12 17 13 17
0 25 0 26
0 25 14 25
16 10 16 14
6 0 7 0
23 6 23 8
10 15 12 15
27 8 27 11
17 1 18 1
26 9 26 11
17 12 19 12
9 1 11 1
1 11 1 12
1 11 2 11
26 11 27 11
2 4 3 4
3 10 6 10
26 22 26 23
23 9 23 10
6 12 7 12
19 8 19 10
2 27 3 27
13 22 13 24
14 2 14 3
20 10 23 10
1 5 3 5
24 2 25 2
8 22 9 22
26 18 26 22
16 8 16 10
3 5 3 6
3 5 8 5
17 8 17 10
11 3 11 4
11 3 13 3
7 22 8 22
21 3 21 6
13 0 17 0
0 9 0 22
6 4 10 4
25 11 26 11
