213
27 24 28 24
22 6 23 6
1 22 1 21
2 28 2 27
18 0 18 1
4 12 3 12
10 1 10 0
20 32 20 31
0 4 0 3
28 15 27 15
32 15 32 16
22 8 22 9
2 8 2 9
24 20 24 19
31 28 31 29
24 19 24 20
14 29 14 28
9 10 9 11
13 12 13 11
18 15 17 15
28 2 27 2
20 2 20 3
28 5 28 6
30 9 29 9
22 21 23 21
28 21 29 21
17 21 17 22
16 29 16 30
8 8 8 7
17 12 17 11
11 15 12 15
16 21 16 22
11 22 11 23
15 8 16 8
18 17 19 17
8 18 8 17
5 6 5 5
21 9 20 9
3 12 2 12
27 23 28 23
13 20 13 19
29 9 29 8
2 10 3 10
22 24 22 23
8 7 8 8
14 15 14 16
5 16 5 15
24 27 23 27
15 29 14 29
30 21 30 20
11 23 11 24
0 20 0 19
8 32 8 31
24 25 24 26
28 20 28 21
20 19 21 19
20 25 20 24
8 8 8 7
1 9 0 9
5 3 6 3
12 9 12 8
19 8 19 9
32 19 32 18
0 6 1 6
1 13 0 13
22 1 23 1
25 11 25 12
1 20 0 20
11 10 10 10
6 6 5 6
14 23 14 24
11 24 10 24
23 4 23 3
8 4 8 5
21 27 21 28
10 15 10 14
30 20 30 21
31 29 31 28
28 17 29 17
5 7 5 8
24 6 24 7
13 31 14 31
16 30 15 30
23 18 22 18
23 3 22 3
14 28 14 27
3 7 3 6
21 28 21 27
19 2 20 2
8 17 8 16
29 10 28 10
11 17 11 18
32 30 31 30
14 19 15 19
23 13 22 13
4 27 3 27
0 27 0 28
10 9 11 9
2 9 1 9
9 3 8 3
20 18 20 17
7 9 7 8
16 20 16 21
17 27 17 28
15 28 15 29
2 27 2 28
18 1 19 1
9 11 10 11
28 14 28 13
14 16 15 16
15 30 16 30
10 26 11 26
29 6 29 7
23 23 23 22
21 23 20 23
30 2 30 1
9 18 8 18
19 17 19 16
3 3 3 4
15 31 16 31
26 28 26 27
8 5 9 5
26 29 27 29
32 23 32 24
9 13 8 13
8 6 8 5
21 29 21 30
4 11 3 11
3 0 3 1
8 16 8 17
5 26 4 26
14 25 15 25
30 10 30 9
17 2 18 2
18 22 18 21
30 14 31 14
6 23 6 24
5 32 5 31
30 31 31 31
4 26 4 27
30 4 31 4
26 27 26 28
10 14 10 15
24 2 25 2
23 27 23 28
20 3 19 3
24 0 25 0
17 28 17 29
1 11 1 10
18 2 18 1
18 4 18 3
15 2 14 2
17 25 17 24
23 28 22 28
11 26 11 27
3 13 2 13
26 1 26 0
16 8 15 8
22 2 21 2
20 4 19 4
0 22 0 21
23 21 22 21
22 28 22 27
19 0 18 0
21 16 22 16
12 8 11 8
25 9 25 10
13 5 13 4
14 1 14 0
27 17 27 16
3 28 4 28
14 17 15 17
19 3 20 3
29 31 28 31
15 4 15 3
27 12 26 12
7 30 7 29
1 10 1 11
1 8 1 7
17 29 17 28
31 10 31 11
6 24 7 24
29 22 30 22
29 32 30 32
22 17 23 17
27 19 27 20
32 18 31 18
31 28 31 29
8 5 8 4
11 3 10 3
31 18 31 17
32 3 32 4
12 12 11 12
15 29 15 28
29 0 28 0
29 4 28 4
27 16 26 16
0 19 1 19
9 25 9 24
20 9 21 9
7 4 7 5
2 21 3 21
14 24 14 25
0 3 0 4
11 27 12 27
10 11 10 12
11 14 11 13
19 20 19 19
12 32 11 32
14 27 14 28
23 22 23 23
17 15 16 15
29 7 28 7
168
8 2 9 2
18 0 18 1
18 0 25 0
17 28 17 32
17 28 20 28
4 20 4 21
4 20 18 20
5 28 5 31
0 13 2 13
25 32 27 32
12 21 13 21
24 7 24 14
16 26 24 26
28 4 31 4
3 11 3 14
10 23 17 23
18 3 18 11
18 3 20 3
29 17 29 21
29 17 30 17
24 26 24 31
7 14 21 14
5 25 5 27
4 10 4 13
4 18 6 18
23 16 23 17
23 16 24 16
5 0 6 0
14 25 15 25
27 4 28 4
6 21 10 21
12 15 12 17
12 15 13 15
8 4 10 4
12 28 13 28
4 15 5 15
31 9 32 9
2 13 2 18
19 1 21 1
28 24 28 27
0 18 0 20
0 18 1 18
8 23 8 28
8 23 9 23
1 9 1 11
6 2 6 3
6 2 8 2
13 18 16 18
27 20 27 28
8 13 10 13
13 27 20 27
12 24 12 27
18 21 22 21
11 9 13 9
21 27 21 30
8 18 11 18
32 21 32 24
16 0 18 0
26 3 26 6
26 3 27 3
16 21 16 22
15 16 15 17
30 22 30 27
9 5 10 5
16 31 16 32
5 5 5 6
28 6 28 7
31 17 32 17
30 0 30 1
30 0 31 0
14 2 20 2
10 19 11 19
28 21 29 21
13 4 13 6
25 16 25 19
25 16 26 16
8 17 8 18
12 27 13 27
10 13 11 13
24 31 25 31
5 13 5 14
1 23 8 23
16 18 18 18
9 1 11 1
18 20 18 21
17 24 20 24
13 7 14 7
4 5 5 5
13 24 13 25
19 30 20 30
20 3 22 3
21 13 22 13
22 13 22 14
14 28 14 29
31 14 31 17
3 16 3 18
19 19 21 19
1 18 1 19
5 19 9 19
23 7 24 7
13 2 13 4
19 5 22 5
11 28 11 32
8 1 9 1
14 0 15 0
26 0 28 0
11 12 11 13
11 12 16 12
31 1 31 4
13 25 14 25
16 6 16 11
14 31 16 31
5 6 5 8
5 6 13 6
28 13 28 16
28 13 30 13
0 26 1 26
15 5 15 8
32 9 32 11
15 9 15 10
9 24 9 26
26 16 28 16
24 20 25 20
29 28 29 29
3 6 4 6
21 1 23 1
25 31 25 32
15 28 17 28
6 4 6 5
6 4 8 4
2 18 2 19
23 8 23 12
1 5 1 6
3 15 4 15
30 5 30 9
14 8 15 8
28 10 28 13
25 20 25 27
23 1 23 6
23 1 25 1
0 12 2 12
26 9 27 9
30 21 30 22
4 14 5 14
27 8 29 8
10 27 10 31
10 27 12 27
23 6 23 7
11 11 11 12
13 21 16 21
21 18 22 18
3 4 3 6
3 4 5 4
20 23 20 24
20 23 22 23
12 17 12 18
21 17 21 18
19 29 19 30
16 15 22 15
30 27 30 29
10 24 12 24
26 6 26 7
16 30 16 31
6 9 6 10
19 16 19 19
3 1 3 4
3 1 4 1
25 14 26 14
