52
11 11 10 11
6 17 5 17
10 18 10 17
19 9 20 9
2 6 2 5
9 16 8 16
22 18 22 17
8 22 8 21
13 21 13 20
20 9 20 8
2 7 2 6
10 13 9 13
2 15 2 14
19 8 18 8
10 11 10 10
17 23 18 23
16 7 15 7
4 17 4 18
15 17 15 16
21 1 20 1
17 19 18 19
11 20 12 20
9 13 10 13
5 10 4 10
10 10 9 10
13 16 13 17
7 10 6 10
3 9 2 9
5 9 5 8
22 7 21 7
23 8 23 9
8 13 7 13
6 18 6 19
0 5 0 4
9 3 9 4
9 0 8 0
3 8 3 9
15 20 16 20
4 10 3 10
8 14 8 13
1 12 1 11
16 8 17 8
17 8 17 9
9 4 8 4
9 20 9 19
6 6 5 6
15 1 15 2
7 18 8 18
18 19 19 19
2 17 2 16
3 19 2 19
10 5 11 5
148
14 16 14 19
14 16 15 16
22 16 22 17
11 8 12 8
4 0 6 0
6 0 8 0
4 1 4 2
4 1 6 1
4 11 4 14
10 8 11 8
11 9 11 10
11 9 13 9
19 11 19 17
19 11 23 11
6 13 7 13
20 10 21 10
9 19 10 19
7 4 7 6
0 4 2 4
23 1 23 9
2 9 2 12
21 8 21 9
14 5 14 7
8 4 8 7
8 4 11 4
9 1 9 2
3 21 3 22
3 1 4 1
11 12 11 14
11 12 13 12
4 14 4 16
2 18 2 19
16 20 16 22
21 7 21 8
14 9 16 9
3 22 5 22
18 7 18 8
3 0 3 1
15 15 15 16
21 10 23 10
0 7 6 7
10 19 11 19
8 16 8 18
0 8 0 11
2 1 2 2
13 22 16 22
8 7 8 8
19 3 19 4
2 6 5 6
5 2 6 2
12 8 13 8
10 9 10 13
10 9 11 9
9 18 11 18
12 14 12 20
19 5 19 6
2 14 2 16
17 9 17 12
10 22 13 22
23 9 23 10
13 8 14 8
6 11 9 11
7 8 8 8
0 21 0 22
20 1 20 2
20 1 22 1
4 9 4 11
4 9 8 9
11 4 11 5
11 4 18 4
2 4 5 4
0 18 1 18
8 2 8 4
11 14 12 14
13 9 13 12
13 9 14 9
0 16 2 16
8 0 8 1
8 0 10 0
17 12 17 21
10 0 13 0
21 0 23 0
17 21 19 21
10 7 10 8
10 7 14 7
5 14 5 17
5 14 11 14
11 16 11 17
11 10 11 12
4 18 4 19
4 18 5 18
19 21 23 21
8 13 10 13
14 7 14 8
14 7 15 7
4 16 4 18
6 21 8 21
11 5 12 5
13 12 13 17
19 18 19 19
18 4 18 7
10 20 10 22
10 20 12 20
12 2 13 2
3 11 3 14
3 11 4 11
20 7 20 8
5 19 5 22
5 19 6 19
2 2 2 4
20 8 20 10
12 1 12 2
8 18 8 20
8 18 9 18
2 12 2 14
23 17 23 21
9 10 9 11
6 2 6 3
7 15 8 15
8 12 8 13
9 17 9 18
9 17 10 17
20 22 21 22
20 6 20 7
2 0 2 1
20 2 20 6
2 16 2 18
7 7 7 8
7 7 8 7
2 5 2 6
2 5 6 5
19 17 19 18
8 20 10 20
23 10 23 11
5 4 7 4
19 19 19 21
12 23 18 23
6 16 6 19
6 16 8 16
0 11 0 13
0 11 1 11
12 5 12 6
4 19 4 21
6 23 12 23
3 14 4 14
22 1 22 4
22 1 23 1
5 22 6 22
