16
8 15 7 15
2 13 3 13
8 12 8 13
16 2 16 3
2 12 2 13
8 17 7 17
11 0 11 1
8 6 9 6
15 6 15 5
11 7 11 6
3 2 3 1
5 15 4 15
0 5 0 4
4 6 5 6
0 8 0 7
16 1 16 2
182
0 14 1 14
4 9 4 10
2 13 2 14
12 3 12 4
12 3 13 3
2 2 2 3
11 1 11 3
13 0 13 1
13 9 13 11
2 14 3 14
16 7 16 8
16 7 17 7
17 1 17 2
5 4 5 5
5 4 6 4
12 7 12 8
7 4 8 4
17 0 17 1
1 1 1 2
9 11 9 12
3 16 4 16
14 5 14 6
2 17 3 17
10 7 10 8
3 14 3 15
3 14 4 14
16 4 16 5
1 6 1 7
2 6 2 7
5 12 5 13
11 15 11 16
0 0 0 1
0 0 1 0
14 11 14 12
14 11 15 11
3 13 4 13
7 3 8 3
14 6 14 7
14 6 16 6
5 2 5 3
8 4 8 5
6 3 7 3
0 15 0 16
0 15 1 15
15 0 15 1
1 16 1 17
1 16 2 16
3 12 4 12
9 5 10 5
2 10 3 10
13 17 14 17
16 11 16 12
6 11 7 11
3 9 3 10
4 0 5 0
10 10 12 10
8 3 9 3
12 12 12 13
6 17 7 17
5 6 5 7
7 9 8 9
3 11 3 12
10 6 10 7
9 4 9 5
10 14 10 15
4 8 5 8
17 5 17 6
14 1 14 2
1 2 2 2
8 2 8 3
4 17 6 17
16 12 17 12
9 3 9 4
14 4 15 4
2 5 3 5
3 6 5 6
16 17 17 17
14 3 16 3
15 13 15 14
15 13 16 13
4 7 5 7
13 14 13 15
7 12 7 13
16 2 16 3
16 2 17 2
12 14 12 15
7 14 8 14
9 9 10 9
1 8 1 9
11 6 12 6
6 4 6 5
3 3 4 3
11 11 11 12
11 11 12 11
1 10 1 11
1 10 2 10
7 11 7 12
9 16 9 17
9 16 10 16
16 3 16 4
5 13 5 14
5 13 6 13
8 10 8 11
8 7 8 8
13 2 13 3
4 13 5 13
8 11 8 13
8 11 9 11
3 15 4 15
15 12 16 12
1 13 2 13
13 3 13 4
5 9 6 9
5 5 6 5
16 6 17 6
3 0 3 1
11 8 12 8
0 6 0 7
0 6 1 6
8 8 8 9
9 7 10 7
13 16 13 17
13 12 13 13
3 4 3 5
14 10 14 11
0 17 1 17
8 9 8 10
8 9 9 9
12 5 13 5
1 0 1 1
1 0 2 0
14 0 14 1
12 9 12 10
1 7 1 8
7 1 7 2
0 1 1 1
7 10 7 11
11 9 12 9
7 6 7 7
15 1 15 2
6 8 7 8
12 4 13 4
0 9 0 10
6 9 6 10
6 9 7 9
4 3 5 3
1 11 1 12
5 14 5 16
5 8 6 8
2 3 3 3
10 1 11 1
11 16 11 17
11 16 12 16
7 2 7 3
7 2 8 2
16 15 16 17
11 4 11 5
11 4 12 4
4 14 4 15
10 15 10 16
0 7 1 7
17 12 17 13
13 15 14 15
17 4 17 5
0 3 0 4
0 3 1 3
2 16 3 16
6 2 6 3
6 2 7 2
6 0 6 1
6 0 7 0
10 5 10 6
11 5 11 6
13 13 14 13
15 4 15 5
5 0 5 1
6 16 8 16
3 8 4 8
1 9 1 10
4 16 4 17
4 16 5 16
12 1 13 1
