205
32 35 32 34
9 34 9 35
24 32 24 33
21 29 22 29
39 19 40 19
33 24 32 24
1 31 0 31
39 14 39 13
30 26 29 26
35 37 36 37
1 12 0 12
25 9 26 9
27 13 28 13
22 17 22 18
35 5 35 6
44 19 43 19
26 30 26 29
5 45 4 45
38 43 37 43
35 8 36 8
32 26 32 25
29 7 29 8
3 39 4 39
37 2 37 1
20 20 21 20
5 0 4 0
43 27 43 28
0 10 0 9
23 39 23 40
35 2 35 1
16 25 15 25
25 17 25 18
7 15 6 15
24 8 24 9
25 38 26 38
27 26 26 26
17 19 16 19
12 28 11 28
8 9 8 8
23 11 24 11
16 2 16 1
5 35 6 35
40 16 41 16
0 9 0 10
16 17 16 18
19 5 19 4
25 2 24 2
26 13 26 12
26 26 25 26
0 35 0 36
15 41 16 41
27 6 28 6
4 23 3 23
34 18 33 18
36 42 36 41
19 3 18 3
33 42 34 42
37 28 37 27
4 15 4 14
17 5 16 5
9 20 9 19
15 30 15 29
11 10 11 11
29 5 29 4
8 15 8 16
28 2 28 3
33 18 34 18
24 44 25 44
11 45 11 44
15 6 16 6
13 4 12 4
26 16 27 16
42 6 43 6
9 9 8 9
4 0 5 0
35 20 35 21
40 33 40 34
24 33 24 34
20 4 20 5
32 21 32 22
25 12 25 13
8 41 7 41
25 44 25 45
0 10 0 9
1 15 2 15
11 30 11 29
17 35 16 35
19 26 19 27
29 4 29 5
29 13 30 13
36 7 35 7
20 29 21 29
39 7 38 7
35 31 34 31
42 28 41 28
34 31 33 31
16 35 15 35
15 32 16 32
21 38 21 39
39 22 39 21
15 35 15 34
1 44 0 44
25 45 25 44
38 34 38 35
30 10 30 9
7 21 7 20
16 6 15 6
12 33 11 33
17 38 17 39
4 5 5 5
18 41 18 40
19 34 20 34
21 7 20 7
7 9 6 9
30 38 31 38
43 42 42 42
42 29 43 29
11 29 10 29
41 28 41 29
8 14 9 14
25 18 25 17
13 45 14 45
28 44 28 43
37 43 37 44
41 6 40 6
6 10 6 11
4 45 4 44
32 25 32 26
9 14 9 13
10 12 9 12
19 27 20 27
13 38 12 38
25 13 25 14
36 35 36 34
41 26 40 26
11 25 10 25
43 2 43 3
20 37 19 37
37 26 38 26
20 15 21 15
5 40 6 40
11 22 12 22
12 19 11 19
36 37 37 37
3 6 4 6
41 33 41 34
39 8 38 8
8 29 7 29
28 43 28 44
24 4 24 5
16 1 15 1
22 18 21 18
19 42 19 41
1 18 1 19
31 39 30 39
44 27 45 27
28 10 28 11
41 40 42 40
4 14 4 15
7 29 6 29
22 7 23 7
23 40 23 41
13 36 14 36
33 37 32 37
15 29 15 30
2 15 3 15
28 11 28 12
17 18 18 18
16 41 16 40
20 14 20 15
3 12 3 13
38 7 37 7
37 1 36 1
8 38 8 37
24 18 24 17
15 30 15 29
35 16 35 15
29 5 29 4
31 38 31 37
20 27 20 26
22 0 21 0
33 13 32 13
10 33 9 33
11 21 12 21
36 21 36 20
8 17 8 18
40 19 40 18
14 36 14 35
43 6 43 5
5 15 5 14
5 7 4 7
15 44 16 44
14 4 14 5
13 29 12 29
20 11 20 12
17 39 17 40
28 17 28 18
39 34 39 35
45 45 45 44
2 38 3 38
11 20 10 20
0 45 1 45
42 39 42 38
38 26 38 27
24 9 25 9
163
17 10 19 10
38 10 38 14
38 10 39 10
0 9 0 11
5 26 5 30
5 26 9 26
30 25 30 34
5 5 5 6
18 37 18 40
20 17 24 17
26 15 26 17
26 15 30 15
39 29 41 29
34 20 34 22
36 29 39 29
38 44 41 44
3 22 12 22
38 16 38 27
32 30 32 34
17 11 17 25
17 11 24 11
12 13 12 14
8 4 12 4
17 0 17 10
26 7 26 9
26 7 35 7
37 42 37 44
37 42 38 42
42 44 45 44
6 34 6 35
36 20 36 27
16 9 16 11
31 2 31 3
31 2 34 2
36 11 36 16
1 24 1 36
34 0 35 0
26 12 28 12
28 41 28 44
38 36 39 36
10 44 11 44
1 16 7 16
45 1 45 2
41 20 44 20
4 24 4 25
11 2 11 3
33 20 33 21
37 23 37 27
36 4 36 8
40 23 41 23
35 21 35 23
40 34 41 34
14 34 14 35
21 14 25 14
25 9 26 9
3 38 3 43
35 23 35 25
12 35 12 38
12 35 14 35
33 11 33 20
45 8 45 9
1 36 2 36
6 40 6 41
2 12 5 12
27 16 27 19
27 16 30 16
15 7 15 24
9 13 9 19
8 3 11 3
10 41 12 41
19 15 20 15
10 34 10 41
25 21 27 21
0 12 0 31
24 17 25 17
12 29 12 35
24 0 24 2
25 25 28 25
36 16 36 20
42 34 42 38
23 25 23 30
28 39 30 39
9 26 10 26
38 14 44 14
3 13 3 15
3 13 9 13
44 43 45 43
14 5 14 11
18 40 18 44
44 34 44 43
33 25 33 27
2 6 4 6
1 40 1 45
0 11 6 11
2 25 4 25
21 29 21 32
21 29 22 29
37 6 39 6
41 44 42 44
5 33 9 33
35 11 36 11
27 21 29 21
12 17 12 21
21 41 21 43
21 41 23 41
4 33 4 39
39 17 39 20
41 41 41 44
24 2 31 2
41 15 41 16
39 10 39 13
9 33 11 33
18 22 18 25
32 34 36 34
15 37 18 37
39 9 39 10
6 11 11 11
15 25 17 25
12 2 12 4
29 26 29 33
36 0 36 1
36 0 45 0
26 32 26 35
26 32 28 32
40 4 40 6
45 9 45 17
20 26 20 34
18 25 23 25
24 28 24 31
35 15 35 17
20 7 23 7
36 8 38 8
45 20 45 26
44 14 44 20
41 3 41 4
41 3 43 3
11 32 11 33
16 40 16 44
16 5 16 7
10 2 11 2
35 43 35 44
5 6 7 6
0 34 0 36
8 0 10 0
20 34 20 43
28 44 30 44
28 9 28 12
6 29 6 32
23 22 32 22
20 15 20 17
0 37 0 39
10 32 11 32
9 12 9 13
28 6 31 6
28 18 28 20
30 13 32 13
4 42 4 44
4 42 9 42
32 37 37 37
10 29 10 32
39 6 39 9
4 39 7 39
32 22 34 22
