127
10 0 9 0
31 8 30 8
32 28 32 29
4 1 3 1
10 3 11 3
13 8 14 8
19 5 20 5
12 18 12 19
20 33 20 32
6 9 6 10
1 28 2 28
14 21 14 20
30 8 31 8
26 16 27 16
34 8 34 7
25 33 25 34
20 35 19 35
22 25 22 26
29 13 28 13
5 11 6 11
18 30 19 30
26 29 25 29
25 25 24 25
30 29 29 29
22 17 21 17
11 16 11 17
22 26 22 25
12 6 12 7
19 24 19 23
8 6 8 7
23 18 22 18
5 27 6 27
6 27 7 27
7 24 8 24
8 26 8 25
31 2 32 2
21 6 21 5
20 11 20 10
9 25 10 25
10 2 11 2
19 32 19 33
13 3 13 4
4 19 4 20
8 31 9 31
35 28 35 27
12 31 12 30
2 9 3 9
34 19 34 20
33 7 33 8
7 15 7 14
5 16 5 17
32 35 33 35
28 6 28 5
23 27 24 27
31 14 31 13
20 31 20 30
3 9 2 9
24 29 23 29
34 31 33 31
4 11 3 11
19 23 20 23
24 27 24 26
14 7 15 7
22 21 22 22
28 13 27 13
1 2 1 1
15 24 14 24
25 2 25 1
22 16 23 16
18 0 18 1
2 24 1 24
11 19 11 18
8 2 8 3
13 19 13 18
34 1 33 1
3 11 3 10
20 5 20 4
11 2 11 1
11 3 12 3
3 14 3 15
15 33 15 32
32 2 32 1
26 18 25 18
4 6 4 7
26 28 26 29
31 23 31 24
8 3 9 3
27 18 27 17
11 8 11 9
4 29 5 29
22 1 22 2
9 0 9 1
2 32 1 32
3 31 3 30
27 19 27 20
25 21 24 21
7 27 7 28
25 23 24 23
5 0 5 1
12 33 12 34
23 25 23 26
34 14 34 15
8 10 8 9
1 14 2 14
16 19 16 18
9 3 9 2
13 4 14 4
16 31 15 31
24 25 25 25
34 20 33 20
17 30 17 29
32 16 32 15
24 8 23 8
21 19 22 19
9 1 9 0
9 18 10 18
3 0 4 0
18 12 18 11
20 27 20 28
4 7 4 8
17 32 17 31
23 20 23 21
30 0 31 0
34 2 34 3
2 30 2 29
1 4 1 3
30 23 30 22
145
7 12 7 14
27 25 27 28
6 11 7 11
29 29 29 31
29 29 32 29
26 29 26 30
8 33 11 33
26 2 26 4
1 1 1 3
26 10 26 25
26 25 26 26
19 26 23 26
25 32 30 32
24 21 24 23
2 29 5 29
33 3 33 8
11 1 13 1
17 19 22 19
15 20 15 21
27 17 27 20
15 7 15 8
19 34 19 35
19 34 21 34
3 2 3 6
6 2 6 8
6 2 7 2
17 20 21 20
13 25 13 26
4 17 4 20
29 16 30 16
8 9 8 16
5 20 5 29
0 19 0 21
23 16 23 21
33 29 34 29
28 20 28 22
23 21 23 24
23 26 24 26
9 31 10 31
27 1 27 13
2 8 2 9
23 29 25 29
8 16 8 22
8 16 23 16
24 9 24 16
20 23 22 23
34 29 35 29
8 22 8 24
8 22 13 22
10 11 16 11
10 8 14 8
4 8 4 10
4 8 6 8
22 2 22 4
22 25 25 25
20 30 20 32
3 24 3 25
7 19 7 28
24 26 24 28
28 22 30 22
27 13 27 16
12 5 12 7
7 11 7 12
9 0 9 2
7 34 7 35
18 18 22 18
23 8 23 11
17 11 18 11
10 34 12 34
13 0 13 1
16 11 16 12
34 33 34 34
7 14 7 19
9 2 21 2
21 0 21 2
21 0 27 0
25 25 25 27
30 1 32 1
11 17 19 17
27 20 27 22
11 21 15 21
3 10 3 15
12 20 14 20
30 16 30 22
35 27 35 29
7 32 7 33
15 18 15 20
34 18 34 23
5 29 14 29
4 35 7 35
22 4 22 5
31 7 31 8
31 13 31 15
30 33 34 33
26 8 26 10
34 26 34 29
30 22 30 27
5 17 5 18
13 22 13 25
13 22 15 22
7 30 7 32
34 13 34 15
32 29 33 29
33 15 33 16
10 30 10 31
25 18 25 24
19 33 30 33
23 24 25 24
34 7 34 13
0 15 0 19
0 0 0 10
27 16 28 16
23 28 23 29
21 2 21 3
21 2 22 2
14 8 15 8
8 25 10 25
33 1 33 3
12 3 18 3
26 4 26 8
9 13 9 14
1 9 2 9
1 32 7 32
18 1 20 1
22 11 22 14
26 26 26 29
28 5 29 5
1 24 1 25
1 23 3 23
12 7 15 7
5 5 5 7
7 28 20 28
15 8 17 8
25 27 25 29
25 10 25 18
25 10 26 10
11 18 11 21
32 15 32 29
0 10 3 10
0 26 1 26
20 28 23 28
14 20 15 20
10 18 11 18
25 4 26 4
22 23 22 25
