128
20 27 19 27
11 5 11 6
10 0 10 1
9 18 9 17
18 21 19 21
17 14 17 15
27 6 28 6
13 14 14 14
0 18 0 17
24 7 24 8
5 28 5 27
4 17 3 17
10 3 10 2
14 3 14 2
19 2 18 2
22 19 23 19
6 15 7 15
23 5 23 6
19 19 20 19
27 26 26 26
12 24 12 23
19 12 20 12
22 4 22 3
5 20 5 21
5 21 6 21
7 28 8 28
2 17 1 17
5 10 5 11
19 20 20 20
18 5 19 5
26 24 27 24
25 0 26 0
27 25 27 26
11 12 10 12
22 18 22 19
17 12 18 12
14 17 15 17
10 28 11 28
6 21 6 20
2 9 2 8
28 29 28 28
20 2 20 3
9 28 10 28
21 18 21 19
25 15 25 14
6 1 6 0
16 8 16 7
24 29 24 28
19 13 18 13
9 10 9 11
26 26 25 26
15 25 16 25
12 3 12 4
2 14 2 15
4 1 5 1
10 10 11 10
28 6 27 6
12 18 12 17
9 22 9 21
3 13 2 13
7 26 6 26
25 18 24 18
6 19 5 19
19 7 19 6
0 2 0 1
10 27 10 26
24 27 25 27
19 6 20 6
9 27 10 27
15 3 14 3
26 9 25 9
23 7 23 8
25 28 26 28
16 27 15 27
26 21 26 22
15 4 15 5
25 2 25 1
16 25 15 25
7 15 7 16
15 27 15 28
20 20 19 20
4 26 4 27
22 3 22 4
14 8 14 9
22 4 22 3
27 6 27 5
10 24 11 24
6 26 6 27
8 9 9 9
15 22 16 22
28 21 28 22
13 20 13 19
7 23 8 23
20 25 21 25
23 10 22 10
9 4 9 3
20 3 20 2
15 24 14 24
29 3 29 2
8 20 8 21
9 17 9 16
11 20 11 21
28 9 28 8
12 23 12 22
3 23 3 22
23 0 24 0
5 11 5 10
8 15 8 16
7 24 7 25
12 14 13 14
28 8 28 9
25 23 25 24
21 22 22 22
6 6 7 6
21 0 20 0
9 13 8 13
20 9 20 8
24 12 23 12
9 9 10 9
21 27 22 27
2 0 2 1
8 6 8 5
4 0 5 0
17 1 17 0
18 28 17 28
1 0 2 0
29 18 29 19
15 23 15 24
178
27 22 28 22
27 19 27 22
1 20 2 20
10 20 10 22
10 20 16 20
20 11 20 12
20 11 21 11
20 5 20 6
20 5 25 5
7 1 7 3
7 1 8 1
0 26 2 26
28 22 28 24
6 3 6 4
19 3 19 4
29 12 29 15
22 19 22 20
17 15 20 15
28 15 29 15
20 15 21 15
27 15 27 16
7 9 10 9
3 3 3 5
12 7 12 8
12 7 13 7
23 26 24 26
3 25 7 25
17 28 24 28
22 2 22 3
9 6 9 7
9 6 10 6
28 0 28 1
23 2 23 3
13 15 13 16
13 18 13 19
13 3 13 5
25 5 27 5
18 4 19 4
25 8 25 9
25 19 26 19
28 24 29 24
16 23 21 23
13 8 13 10
19 5 20 5
0 17 0 20
0 17 1 17
23 8 23 11
23 8 24 8
7 12 8 12
8 23 8 26
7 3 9 3
27 11 27 12
27 11 28 11
14 10 14 11
14 10 20 10
24 8 24 10
20 24 20 26
20 24 21 24
3 5 3 6
8 21 9 21
16 2 16 3
0 25 3 25
7 16 7 20
27 0 28 0
21 13 21 15
16 6 16 7
15 15 15 17
15 15 17 15
20 10 20 11
22 29 23 29
21 21 21 23
24 28 26 28
28 25 28 26
14 6 15 6
4 22 10 22
4 5 4 6
2 15 9 15
11 29 22 29
6 7 6 8
14 11 20 11
6 4 6 7
6 4 7 4
24 2 29 2
10 1 12 1
15 24 20 24
23 19 23 20
18 12 20 12
11 10 11 18
11 10 12 10
5 1 7 1
7 25 7 27
21 10 22 10
14 13 16 13
7 20 7 21
17 27 17 28
15 6 16 6
13 27 13 28
10 9 10 11
22 11 23 11
22 6 23 6
26 18 27 18
22 15 23 15
25 26 25 27
27 16 28 16
28 26 28 28
25 4 25 5
18 13 20 13
27 5 28 5
19 18 19 20
25 21 25 22
24 0 24 2
2 1 2 4
10 22 10 25
10 22 11 22
14 24 15 24
19 21 19 22
26 11 27 11
12 6 12 7
16 20 16 21
1 14 5 14
24 26 24 28
23 6 23 8
24 18 24 19
28 11 28 14
19 1 19 3
29 9 29 12
21 19 21 21
21 19 22 19
2 16 2 19
2 16 3 16
13 13 13 14
25 24 25 26
3 9 5 9
0 20 0 22
3 20 3 21
0 14 0 17
10 11 10 12
2 0 3 0
7 5 8 5
26 27 26 28
23 11 23 12
20 13 20 15
20 13 21 13
23 18 24 18
2 8 3 8
23 29 29 29
13 28 14 28
10 7 10 9
10 5 12 5
5 4 6 4
23 3 24 3
29 25 29 28
7 27 8 27
2 20 3 20
21 11 22 11
24 14 24 18
3 28 3 29
1 1 1 6
7 21 8 21
8 16 8 18
3 0 5 0
16 3 16 6
16 3 18 3
6 8 6 10
6 8 7 8
12 17 15 17
5 10 5 12
5 10 6 10
25 7 25 8
25 7 26 7
26 22 27 22
20 12 23 12
29 1 29 2
3 19 5 19
12 22 16 22
7 14 8 14
6 27 7 27
15 5 15 6
