74
10 19 9 19
13 16 13 15
2 5 2 6
9 11 10 11
20 10 19 10
9 19 9 20
8 21 7 21
0 13 1 13
3 8 2 8
14 0 15 0
15 1 14 1
12 15 12 16
13 7 14 7
0 15 0 16
12 0 11 0
17 6 17 7
19 10 19 11
16 21 16 22
13 3 12 3
21 14 22 14
10 21 10 20
12 8 13 8
4 18 3 18
17 20 17 21
13 4 13 3
8 13 7 13
2 6 2 5
21 11 22 11
22 16 21 16
22 6 21 6
1 16 1 15
22 1 22 0
16 6 16 5
16 5 15 5
11 12 11 11
9 8 9 7
21 21 20 21
0 16 1 16
12 5 12 4
1 2 0 2
2 13 3 13
9 0 8 0
7 11 6 11
15 11 15 12
22 20 22 19
2 3 2 2
12 14 11 14
21 18 21 19
13 1 13 0
17 15 17 16
14 6 13 6
3 0 2 0
13 18 12 18
2 22 3 22
2 4 2 3
22 15 22 16
3 3 3 2
2 5 2 4
2 2 1 2
13 14 12 14
0 5 0 4
21 6 22 6
17 11 17 12
12 14 13 14
1 13 0 13
17 5 17 4
10 22 10 21
15 12 15 13
18 11 18 10
11 13 10 13
4 8 3 8
22 18 22 17
21 1 20 1
4 17 4 18
176
8 4 8 5
2 7 4 7
20 15 21 15
8 11 10 11
14 17 14 18
14 17 15 17
12 1 12 3
12 1 14 1
9 13 10 13
6 15 6 18
6 20 7 20
18 8 18 9
11 20 11 22
17 7 17 9
18 17 21 17
4 2 4 3
4 2 5 2
0 19 0 20
6 19 11 19
5 9 6 9
18 3 18 4
8 5 8 7
17 1 18 1
18 1 19 1
12 10 13 10
22 16 22 17
12 11 12 13
6 7 6 9
6 7 8 7
14 21 15 21
22 12 22 13
11 3 11 4
15 5 15 6
15 5 19 5
14 14 14 15
13 15 13 19
13 15 14 15
11 22 12 22
4 7 6 7
12 4 12 6
13 0 15 0
0 22 3 22
15 3 15 4
15 3 16 3
17 21 18 21
16 10 17 10
18 4 22 4
4 0 4 2
4 0 8 0
15 13 15 14
10 8 10 11
10 8 13 8
2 1 2 3
11 10 11 11
8 9 8 10
18 6 18 8
18 6 19 6
10 3 11 3
5 20 6 20
22 0 22 2
0 13 0 14
0 13 3 13
3 9 3 13
3 9 5 9
9 4 9 5
9 4 10 4
11 15 13 15
2 4 4 4
12 21 13 21
3 16 3 17
2 10 2 12
3 15 3 16
6 6 7 6
7 12 9 12
5 2 5 5
5 2 7 2
20 7 20 8
12 13 13 13
18 16 18 17
18 16 21 16
3 18 3 19
11 19 13 19
3 19 3 20
7 20 9 20
14 4 15 4
13 11 16 11
11 9 12 9
20 14 22 14
20 12 20 14
5 12 5 14
16 9 16 10
5 18 6 18
13 20 13 21
3 8 3 9
8 22 11 22
10 13 10 14
15 14 15 15
14 10 15 10
9 12 10 12
14 20 16 20
7 9 7 12
7 9 8 9
5 14 8 14
4 4 4 6
14 18 14 20
5 10 5 12
12 9 13 9
13 5 13 6
5 15 5 16
0 9 0 10
4 15 4 16
4 19 4 20
4 19 6 19
20 21 22 21
0 20 0 22
15 16 16 16
20 8 21 8
15 8 16 8
0 2 1 2
3 22 5 22
19 11 19 12
19 11 22 11
19 8 20 8
0 4 1 4
1 4 2 4
15 21 15 22
14 2 14 4
17 16 17 19
10 1 11 1
13 6 13 8
16 20 16 22
1 16 3 16
12 3 12 4
12 3 13 3
1 19 1 21
22 11 22 12
1 1 1 2
1 1 2 1
10 0 11 0
17 0 17 1
0 10 0 13
0 10 2 10
4 6 6 6
2 17 3 17
21 17 22 17
21 8 22 8
19 1 19 2
15 18 15 19
15 18 16 18
11 1 11 3
12 22 13 22
2 0 2 1
14 7 14 10
9 20 10 20
14 15 14 17
15 0 17 0
19 6 19 7
0 7 2 7
16 14 20 14
5 17 5 18
19 0 19 1
16 3 17 3
8 0 8 1
10 20 11 20
15 15 16 15
1 6 4 6
2 8 2 9
11 11 12 11
9 15 9 18
4 3 4 4
16 19 17 19
21 15 21 16
21 16 21 17
21 16 22 16
9 2 9 4
4 11 4 13
