48
7 10 7 9
0 16 0 15
13 5 12 5
2 15 2 16
2 11 1 11
1 16 0 16
15 0 16 0
5 21 6 21
3 3 3 4
23 1 22 1
13 2 12 2
3 15 2 15
10 0 9 0
16 14 15 14
8 18 8 17
5 10 4 10
17 9 17 10
4 17 4 16
15 9 15 10
17 19 18 19
6 22 5 22
17 18 16 18
6 21 6 22
7 2 7 1
23 13 22 13
17 4 17 3
10 22 10 21
17 23 16 23
8 5 9 5
16 18 17 18
12 23 11 23
23 2 23 1
11 7 10 7
4 3 3 3
9 0 10 0
6 3 6 4
14 9 13 9
4 12 5 12
23 12 23 13
6 5 6 6
4 13 4 12
19 1 19 0
9 19 9 18
10 0 9 0
11 1 11 0
12 5 13 5
11 10 11 11
17 20 17 19
182
11 18 12 18
8 12 9 12
19 18 20 18
16 4 18 4
9 9 9 10
6 16 6 17
0 20 0 21
18 10 19 10
1 1 1 2
14 21 14 22
9 22 9 23
7 5 7 6
7 5 9 5
15 16 15 17
4 15 5 15
13 15 14 15
0 3 1 3
1 10 2 10
21 6 22 6
1 22 1 23
21 8 21 9
7 20 8 20
10 18 10 19
10 8 10 9
3 17 5 17
12 15 13 15
6 20 6 22
4 12 4 14
14 13 14 14
13 14 13 15
21 15 22 15
16 0 16 1
23 8 23 9
5 3 7 3
12 2 12 3
1 5 2 5
0 21 1 21
1 21 2 21
6 22 8 22
15 15 15 16
15 15 16 15
4 7 5 7
23 18 23 20
18 20 18 21
18 20 19 20
17 14 17 15
4 20 4 22
9 7 9 8
13 3 13 5
6 11 6 12
12 20 12 21
23 1 23 3
0 7 1 7
6 0 6 1
14 1 15 1
22 23 23 23
21 13 22 13
8 22 8 23
10 4 10 5
1 15 1 17
11 9 12 9
16 7 16 8
16 7 17 7
20 21 20 22
20 6 20 7
4 1 4 2
4 1 5 1
15 19 17 19
14 2 15 2
17 5 17 6
15 1 16 1
22 13 22 14
15 17 16 17
17 6 17 7
12 8 13 8
13 21 13 22
10 3 10 4
8 0 9 0
5 22 5 23
19 4 19 5
20 1 20 2
20 19 21 19
21 7 21 8
20 10 22 10
23 5 23 6
9 6 10 6
6 2 8 2
10 11 11 11
20 11 21 11
6 17 6 18
13 9 13 10
3 21 3 22
16 9 18 9
3 23 4 23
14 8 14 10
14 8 15 8
12 14 12 15
12 14 13 14
15 8 16 8
0 11 0 12
21 22 22 22
4 0 6 0
5 16 6 16
15 21 15 22
15 21 16 21
8 11 8 12
8 11 9 11
15 2 16 2
16 2 17 2
8 6 9 6
12 18 13 18
9 2 10 2
22 6 22 7
3 10 3 11
23 11 23 13
9 14 9 16
11 21 11 22
11 21 12 21
20 3 20 4
10 6 10 7
10 6 11 6
23 0 23 1
7 16 7 17
12 0 12 1
16 17 17 17
7 1 8 1
19 16 19 18
21 18 21 19
1 19 1 20
1 19 2 19
13 7 13 8
16 16 17 16
23 13 23 14
2 5 2 6
2 18 2 19
9 11 9 12
2 3 3 3
0 4 2 4
14 0 14 1
14 0 16 0
8 14 8 15
15 4 15 5
23 22 23 23
10 12 10 13
10 10 12 10
21 17 22 17
17 18 17 19
14 11 15 11
4 9 4 10
15 20 16 20
10 13 10 14
0 17 0 20
0 17 1 17
15 5 16 5
3 3 5 3
3 1 3 3
9 3 9 4
22 20 22 21
22 20 23 20
0 5 0 6
17 22 18 22
14 4 15 4
18 13 19 13
1 2 1 3
8 1 9 1
12 12 12 13
21 23 22 23
20 4 21 4
18 0 19 0
14 12 15 12
7 13 8 13
10 20 10 21
4 19 4 20
5 5 7 5
0 22 1 22
11 6 12 6
21 2 21 3
3 8 4 8
15 13 15 14
15 13 17 13
18 23 20 23
9 23 10 23
