104
20 0 19 0
15 25 16 25
21 22 21 21
11 14 12 14
9 21 8 21
2 15 2 14
22 2 21 2
9 18 8 18
13 22 13 23
24 26 25 26
16 14 17 14
12 6 13 6
10 7 10 6
10 21 9 21
16 13 16 14
4 28 5 28
19 26 19 25
8 14 7 14
1 15 2 15
9 3 9 2
26 28 27 28
4 16 5 16
4 6 5 6
27 2 27 1
27 16 26 16
1 20 0 20
18 27 18 28
10 3 11 3
12 16 12 15
27 23 28 23
24 21 24 20
10 12 10 11
24 16 25 16
21 21 21 22
19 17 19 18
19 1 19 2
9 0 9 1
9 22 8 22
27 20 26 20
12 26 11 26
9 1 9 0
11 2 12 2
16 26 16 27
2 16 2 17
27 25 27 24
3 18 3 17
0 19 1 19
0 11 0 10
28 9 27 9
28 25 27 25
26 27 26 28
19 25 19 26
16 25 17 25
11 26 11 27
1 19 0 19
29 4 28 4
14 24 14 25
11 19 10 19
21 27 20 27
12 25 12 26
20 15 20 14
19 23 18 23
9 23 9 22
0 27 0 26
9 10 8 10
6 1 7 1
17 12 17 11
24 6 23 6
3 19 4 19
23 19 22 19
20 17 19 17
29 29 29 28
6 17 6 16
13 8 12 8
7 29 6 29
3 22 4 22
8 5 8 6
1 16 1 17
2 15 3 15
15 13 16 13
3 23 3 22
25 4 24 4
11 1 10 1
6 26 6 25
20 9 21 9
0 20 1 20
16 4 16 3
20 7 21 7
9 8 8 8
24 3 23 3
14 17 15 17
7 14 6 14
7 20 7 19
12 26 12 25
29 9 28 9
24 4 25 4
5 11 4 11
6 27 6 26
6 11 6 10
11 13 11 12
26 7 27 7
22 19 22 18
3 15 3 16
28 4 28 3
187
22 5 23 5
28 13 28 14
8 2 8 6
20 14 22 14
8 15 9 15
8 9 8 10
0 17 1 17
18 20 18 21
23 6 23 7
8 27 9 27
21 10 23 10
28 11 28 12
16 27 17 27
20 10 20 14
6 25 6 26
6 25 7 25
19 9 21 9
0 4 2 4
14 29 16 29
18 3 21 3
17 18 18 18
0 14 1 14
8 6 9 6
13 15 16 15
24 19 24 20
21 7 21 8
4 9 4 11
19 2 20 2
10 14 10 15
11 0 13 0
5 15 5 16
25 20 26 20
9 22 9 25
18 8 19 8
20 16 22 16
20 27 20 29
4 22 6 22
23 11 24 11
8 25 8 26
26 18 26 19
1 9 1 10
22 24 22 25
20 24 20 26
6 6 6 8
6 6 7 6
10 6 10 10
3 22 3 26
3 22 4 22
20 20 20 22
10 16 10 17
16 17 17 17
7 16 7 17
3 8 4 8
5 9 5 10
14 25 14 27
28 2 28 3
25 16 25 18
25 16 26 16
29 14 29 15
27 5 27 6
14 6 14 7
24 12 24 13
5 14 6 14
10 18 10 19
18 2 18 3
15 1 20 1
19 6 23 6
17 21 17 22
13 0 14 0
16 7 16 8
16 7 18 7
4 19 4 20
4 19 5 19
22 26 22 27
19 15 21 15
16 23 18 23
18 11 19 11
22 14 24 14
14 27 15 27
20 23 25 23
13 5 13 6
27 9 27 11
18 18 19 18
12 20 12 21
0 9 0 10
25 3 25 4
5 1 5 2
8 13 9 13
11 21 12 21
0 19 2 19
28 21 28 22
2 23 2 24
18 6 19 6
9 25 12 25
15 7 16 7
15 6 16 6
14 18 14 21
14 18 15 18
10 11 10 14
10 11 13 11
23 13 24 13
22 16 22 18
22 16 25 16
9 27 10 27
27 18 27 19
12 8 15 8
13 14 13 15
2 22 2 23
2 22 3 22
10 23 10 24
27 6 28 6
6 0 6 6
12 28 16 28
10 4 11 4
15 12 19 12
11 29 12 29
13 2 17 2
27 15 27 18
16 15 18 15
28 9 28 10
11 12 11 15
11 12 12 12
17 3 17 5
17 3 18 3
20 4 22 4
12 27 12 28
22 18 22 20
9 6 9 7
2 19 4 19
3 21 7 21
10 17 10 18
10 17 13 17
23 10 23 11
16 22 17 22
19 24 20 24
17 17 18 17
25 27 28 27
1 18 2 18
21 2 21 3
29 25 29 26
13 23 14 23
29 15 29 16
28 16 29 16
18 10 19 10
3 16 3 17
3 16 5 16
3 11 4 11
19 0 23 0
9 16 10 16
1 21 2 21
9 20 12 20
24 9 24 10
1 23 1 27
3 0 6 0
6 9 7 9
10 19 12 19
13 10 13 11
24 13 24 14
28 23 29 23
22 20 23 20
23 12 23 13
23 12 24 12
10 15 10 16
26 24 26 25
2 14 4 14
24 27 25 27
19 20 19 24
17 14 18 14
6 8 8 8
16 0 17 0
27 11 28 11
6 22 7 22
18 7 19 7
0 3 1 3
5 27 7 27
19 4 19 5
0 18 1 18
18 25 18 26
22 27 22 28
23 20 23 21
23 20 24 20
7 1 10 1
0 22 2 22
25 26 28 26
2 28 5 28
14 22 14 23
14 22 15 22
