281
4 42 4 43
29 42 29 43
7 15 7 14
4 7 3 7
36 38 36 39
18 24 18 23
3 12 4 12
26 18 25 18
19 23 19 22
16 28 15 28
28 19 29 19
0 10 0 11
18 9 18 10
15 32 15 33
16 7 16 8
41 0 40 0
37 3 38 3
27 43 26 43
0 21 0 22
16 4 16 5
23 8 22 8
37 23 37 22
32 19 31 19
33 31 32 31
23 16 24 16
35 19 34 19
11 21 11 20
12 34 12 33
21 8 21 9
4 30 5 30
4 17 5 17
22 8 22 9
8 28 8 27
7 14 7 15
2 5 2 4
43 17 42 17
1 35 0 35
17 2 18 2
11 27 11 26
12 26 12 25
38 19 37 19
12 39 13 39
3 10 3 11
36 18 36 19
22 22 22 23
3 17 3 18
13 5 12 5
9 8 8 8
4 12 4 11
39 22 39 21
43 23 42 23
19 38 20 38
37 11 38 11
8 27 8 28
4 24 4 25
10 0 9 0
17 9 17 10
25 38 26 38
11 18 12 18
7 8 6 8
28 5 27 5
30 17 29 17
21 30 20 30
7 33 6 33
43 39 42 39
8 25 8 26
21 9 20 9
8 8 8 7
26 28 27 28
12 19 12 20
32 7 32 6
11 14 12 14
22 31 21 31
4 43 5 43
0 30 0 31
6 7 6 6
38 34 37 34
29 6 29 5
32 39 32 40
35 18 35 19
18 12 17 12
42 35 43 35
33 18 33 19
19 7 19 6
10 13 10 14
32 24 33 24
26 3 25 3
20 19 20 18
32 43 33 43
24 7 25 7
33 12 34 12
13 35 13 34
21 35 22 35
34 34 35 34
38 24 38 25
22 9 21 9
0 29 1 29
5 18 6 18
19 6 19 5
15 12 16 12
22 12 23 12
11 22 12 22
33 4 33 3
41 12 41 13
15 31 15 30
9 27 9 26
40 0 41 0
30 28 31 28
15 23 16 23
20 11 21 11
3 36 2 36
10 42 9 42
15 30 15 31
13 11 12 11
38 22 39 22
25 5 26 5
1 30 1 31
17 12 17 11
1 3 0 3
9 2 10 2
33 26 33 25
23 10 23 11
2 36 2 37
16 27 15 27
37 34 37 35
10 1 10 0
29 13 30 13
29 41 28 41
20 15 20 14
12 25 12 24
37 5 36 5
14 18 14 17
28 42 29 42
11 13 11 14
39 17 38 17
3 24 2 24
12 13 12 12
41 11 42 11
38 11 38 12
13 19 14 19
1 38 1 39
23 4 23 3
35 4 35 5
22 25 22 26
32 15 33 15
13 32 13 31
35 35 36 35
17 18 16 18
35 32 36 32
28 41 28 42
40 15 40 16
6 22 6 21
21 37 22 37
34 36 35 36
34 19 34 18
7 27 8 27
29 42 30 42
28 8 27 8
22 35 21 35
7 36 8 36
24 0 23 0
28 25 28 26
7 2 7 1
5 17 5 18
13 39 14 39
39 24 38 24
41 6 41 7
11 26 12 26
29 23 30 23
29 8 30 8
38 20 38 19
12 1 11 1
15 33 14 33
14 39 14 38
34 12 34 11
27 28 27 27
10 0 10 1
37 22 37 23
33 19 33 18
18 6 19 6
37 27 37 26
7 6 7 7
14 19 14 18
17 19 17 18
37 17 37 16
37 25 36 25
14 36 15 36
18 29 18 30
30 8 31 8
32 6 32 7
22 38 21 38
18 23 18 24
31 14 32 14
3 15 3 14
21 2 20 2
11 19 10 19
29 39 29 40
19 15 19 16
11 20 11 19
42 18 43 18
12 20 12 19
33 15 34 15
2 31 3 31
24 2 24 3
31 8 32 8
5 3 5 4
19 6 19 7
13 31 13 30
16 12 16 13
2 33 1 33
38 8 37 8
6 39 7 39
9 35 8 35
15 3 16 3
17 40 17 41
29 40 28 40
0 22 0 21
37 31 37 30
12 18 11 18
34 5 33 5
1 26 2 26
36 39 35 39
6 5 5 5
2 24 3 24
5 13 5 14
42 27 43 27
8 38 8 37
38 0 39 0
6 33 6 34
22 26 22 25
41 31 40 31
40 19 39 19
17 1 17 0
2 8 2 9
43 5 42 5
6 8 7 8
42 33 43 33
15 27 15 26
31 37 32 37
14 35 15 35
32 29 32 30
32 2 31 2
10 17 10 18
4 0 4 1
13 13 12 13
10 14 9 14
27 24 27 25
4 25 3 25
6 18 6 19
34 0 34 1
38 17 38 18
1 23 2 23
40 41 40 40
6 35 5 35
33 35 33 36
37 19 37 18
22 23 22 24
16 5 16 4
31 38 31 39
15 18 15 19
29 43 29 42
33 36 34 36
24 25 24 24
5 37 5 36
40 22 40 21
32 40 33 40
22 13 22 14
15 19 16 19
34 8 35 8
28 42 28 41
11 8 11 9
26 38 26 37
13 30 13 31
17 41 16 41
8 28 7 28
11 18 12 18
27 19 28 19
32 31 33 31
18 32 19 32
10 43 11 43
7 37 6 37
177
15 39 15 43
15 39 16 39
27 5 27 8
29 28 31 28
38 19 38 21
24 16 25 16
35 19 36 19
16 41 19 41
4 1 4 3
2 4 5 4
9 5 9 14
1 40 1 42
8 7 8 16
13 31 14 31
17 39 23 39
21 38 32 38
27 20 27 22
0 24 0 28
32 16 32 23
29 2 31 2
15 1 15 20
16 0 16 1
16 0 17 0
21 22 21 28
20 6 20 9
20 6 22 6
11 5 11 9
33 3 38 3
35 34 43 34
4 36 5 36
19 7 19 10
27 2 29 2
7 21 7 28
31 26 31 27
8 36 10 36
12 17 12 18
29 5 29 12
23 25 27 25
25 26 25 28
34 29 37 29
39 29 39 30
13 34 15 34
12 5 12 11
20 41 20 42
20 41 24 41
29 19 29 25
29 19 31 19
3 18 3 19
5 16 5 18
37 36 37 41
13 42 14 42
2 25 3 25
19 32 21 32
32 37 33 37
34 36 34 38
15 34 15 35
1 28 2 28
3 7 7 7
16 4 21 4
37 18 37 23
12 22 12 24
12 22 18 22
42 7 42 8
42 7 43 7
31 19 31 25
35 8 35 16
21 28 21 31
21 28 24 28
14 25 14 31
17 35 17 39
13 43 15 43
32 33 32 35
29 25 29 28
29 25 31 25
15 36 15 39
8 26 8 27
8 26 9 26
23 0 29 0
3 38 4 38
5 20 5 23
31 15 34 15
6 21 7 21
20 43 26 43
18 7 18 10
26 37 28 37
7 34 8 34
3 26 3 28
3 24 3 25
40 40 42 40
27 22 27 25
27 22 28 22
25 3 25 7
27 25 29 25
16 23 16 24
31 2 34 2
0 35 0 36
0 35 5 35
3 6 6 6
18 22 18 24
0 36 4 36
16 39 16 41
16 39 17 39
39 27 41 27
32 25 33 25
0 1 0 3
36 25 36 26
39 5 39 14
11 43 13 43
33 17 33 18
11 1 13 1
8 27 12 27
18 26 20 26
38 3 38 4
17 3 23 3
9 30 9 34
9 30 11 30
1 39 7 39
19 5 20 5
9 42 12 42
28 32 29 32
5 35 5 36
39 31 40 31
37 26 42 26
0 34 5 34
42 11 42 14
10 36 15 36
18 30 20 30
33 25 33 31
3 19 6 19
41 13 41 14
27 15 27 16
27 15 31 15
42 26 43 26
36 15 37 15
32 35 32 37
32 35 36 35
25 22 27 22
5 4 7 4
37 28 37 29
24 28 25 28
25 37 26 37
1 31 3 31
17 7 17 10
3 28 7 28
17 16 17 18
17 16 19 16
32 23 32 25
39 21 39 22
6 16 6 17
0 18 0 21
27 40 28 40
38 18 38 19
38 18 40 18
12 4 12 5
37 42 38 42
35 26 36 26
37 14 39 14
10 12 10 15
21 11 23 11
9 0 14 0
16 1 16 3
16 1 20 1
38 12 38 13
39 14 41 14
21 31 21 32
0 11 0 13
33 5 33 7
34 11 34 15
22 24 22 25
22 24 23 24
35 16 36 16
12 13 12 14
37 29 38 29
42 5 42 7
2 1 4 1
20 1 20 2
20 1 27 1
