92
2 23 2 22
3 27 3 26
4 27 3 27
23 16 22 16
8 7 8 6
3 27 4 27
24 1 24 0
22 2 22 1
17 4 18 4
13 17 13 18
15 9 15 8
3 20 3 19
26 2 26 3
8 6 8 7
9 11 9 12
8 23 7 23
4 17 5 17
4 13 4 14
17 3 17 2
13 3 13 4
26 21 25 21
24 13 25 13
15 24 16 24
4 15 3 15
20 7 20 8
17 2 18 2
8 22 9 22
24 26 23 26
11 25 10 25
9 10 8 10
19 22 19 21
3 13 4 13
21 24 21 25
19 13 19 12
23 1 23 2
11 24 10 24
16 11 16 12
14 4 15 4
12 15 13 15
21 2 21 1
17 18 17 19
13 8 12 8
9 0 8 0
13 26 13 25
25 15 24 15
8 15 8 14
23 17 22 17
10 3 10 2
13 4 14 4
4 2 3 2
21 21 21 20
20 12 20 11
5 27 6 27
20 26 20 27
12 17 12 16
11 10 10 10
4 6 4 5
3 2 2 2
7 23 6 23
20 25 20 26
16 12 17 12
14 21 13 21
11 20 10 20
11 7 12 7
7 11 7 12
23 18 23 17
26 22 26 21
1 25 1 26
22 22 22 23
18 0 19 0
11 0 11 1
12 16 12 17
25 18 25 19
17 12 17 11
10 0 9 0
18 2 18 3
23 26 22 26
4 14 4 15
5 0 4 0
24 10 24 9
3 6 2 6
25 7 24 7
6 23 5 23
1 1 0 1
16 27 15 27
13 21 13 20
1 10 2 10
12 7 11 7
2 11 2 12
14 0 15 0
17 23 17 24
8 10 9 10
183
18 3 18 4
2 5 3 5
3 1 3 3
24 25 24 27
9 5 9 10
22 16 25 16
22 3 24 3
2 10 4 10
16 2 19 2
25 1 25 3
22 7 22 9
22 7 24 7
10 7 11 7
21 11 21 12
21 11 23 11
2 1 3 1
20 19 20 21
14 15 14 16
10 14 10 15
10 14 11 14
14 2 14 3
20 13 20 15
10 24 16 24
20 26 21 26
15 8 15 14
0 26 0 27
8 0 8 3
19 12 21 12
6 18 6 21
6 18 8 18
10 22 11 22
3 15 4 15
6 13 7 13
23 20 23 22
1 3 1 6
11 13 14 13
15 25 19 25
25 10 25 11
23 11 23 12
1 8 7 8
9 19 13 19
2 26 3 26
21 20 21 23
14 8 14 11
14 8 15 8
4 13 4 15
24 15 26 15
15 16 15 17
26 4 27 4
20 10 22 10
8 16 9 16
1 6 1 7
7 7 7 8
19 19 19 21
0 27 1 27
4 24 4 25
4 24 6 24
8 3 8 4
8 3 9 3
18 15 20 15
17 11 18 11
15 26 17 26
4 5 6 5
3 19 3 21
9 16 10 16
25 16 25 19
0 2 2 2
18 9 18 11
21 26 21 27
21 12 23 12
26 17 27 17
10 12 10 13
14 26 15 26
23 4 26 4
11 12 11 13
11 12 12 12
21 1 22 1
12 6 12 8
4 11 4 12
4 11 6 11
7 13 7 14
7 13 8 13
19 9 22 9
27 15 27 16
8 13 10 13
25 26 26 26
10 10 10 11
10 10 12 10
8 26 9 26
11 8 11 9
11 8 12 8
10 5 10 6
18 11 18 12
6 22 7 22
9 22 9 23
9 22 10 22
20 15 20 16
11 17 12 17
17 7 22 7
6 21 6 22
4 12 4 13
19 16 20 16
6 11 10 11
10 16 11 16
21 0 22 0
24 7 26 7
0 16 8 16
10 4 10 5
12 10 12 12
10 6 12 6
24 9 25 9
8 12 9 12
17 20 17 22
25 14 26 14
26 3 27 3
16 17 17 17
21 4 21 5
19 6 20 6
16 23 16 24
16 23 19 23
7 5 7 7
14 13 14 15
17 17 18 17
19 0 20 0
25 21 26 21
21 19 22 19
7 3 7 4
7 3 8 3
16 16 18 16
4 15 7 15
7 9 7 10
13 15 13 18
4 25 4 27
18 6 19 6
5 1 5 2
5 1 6 1
14 16 15 16
9 24 9 25
5 10 7 10
1 20 1 21
1 20 2 20
0 7 1 7
10 23 10 24
10 23 16 23
13 18 15 18
19 11 20 11
7 4 7 5
7 4 8 4
23 22 24 22
26 21 26 24
6 3 7 3
11 15 13 15
14 4 14 6
20 17 20 19
23 27 24 27
10 1 10 2
27 17 27 21
22 25 22 26
11 26 14 26
10 15 11 15
7 22 7 25
8 17 9 17
16 3 16 4
22 19 22 20
4 10 4 11
24 24 26 24
13 0 15 0
15 20 17 20
12 25 13 25
9 4 9 5
21 17 21 19
18 12 19 12
17 10 17 11
1 7 2 7
5 12 5 13
10 21 16 21
14 3 16 3
10 8 11 8
11 16 11 17
26 6 26 7
8 21 8 26
6 7 7 7
11 14 11 15
