78
1 15 0 15
34 31 35 31
18 10 17 10
21 30 21 29
37 31 37 32
1 26 1 27
26 36 25 36
11 31 10 31
34 16 35 16
2 0 3 0
0 15 0 14
10 31 11 31
26 31 26 32
3 4 3 5
34 3 34 4
33 19 33 20
23 27 22 27
9 26 10 26
36 5 37 5
6 11 5 11
6 9 6 8
29 36 30 36
15 26 15 27
37 15 36 15
6 7 6 6
17 17 17 18
26 6 25 6
37 21 36 21
8 20 8 21
13 10 13 11
3 33 2 33
6 8 6 9
5 24 4 24
37 18 36 18
5 8 6 8
30 11 29 11
35 16 34 16
21 28 22 28
29 11 29 12
30 23 31 23
7 32 8 32
8 21 7 21
26 12 26 11
33 9 34 9
27 16 28 16
24 16 24 15
20 13 19 13
1 12 0 12
21 16 21 17
2 14 3 14
30 5 31 5
35 31 35 32
37 35 37 36
25 6 26 6
14 7 13 7
27 33 27 34
15 8 16 8
5 15 5 16
27 10 28 10
0 14 1 14
29 9 30 9
17 18 18 18
30 27 29 27
9 15 10 15
33 37 34 37
34 16 34 15
12 28 12 29
22 22 21 22
28 10 27 10
1 2 1 3
7 33 7 32
9 13 9 12
24 15 23 15
26 24 25 24
4 32 5 32
27 13 26 13
22 24 22 25
3 0 2 0
122
20 11 26 11
16 33 16 36
16 33 17 33
7 31 7 32
7 31 11 31
25 24 25 29
25 24 37 24
16 9 16 11
16 9 18 9
31 29 31 31
26 32 35 32
16 37 17 37
3 5 5 5
5 35 5 37
5 35 6 35
5 11 5 12
5 11 7 11
25 36 27 36
0 29 3 29
29 4 30 4
17 26 17 33
18 8 18 9
23 36 25 36
37 5 37 9
7 6 7 11
7 6 14 6
4 0 7 0
11 36 14 36
17 10 27 10
1 3 1 14
7 11 7 16
7 11 13 11
21 17 21 20
21 17 25 17
26 13 29 13
22 25 22 27
36 8 36 15
14 6 26 6
27 29 31 29
21 29 21 36
21 29 25 29
5 16 5 20
5 16 7 16
37 12 37 24
17 19 17 26
0 12 0 16
18 9 19 9
8 0 8 2
8 0 26 0
0 25 0 29
30 36 37 36
5 37 16 37
12 14 12 15
12 14 25 14
22 27 22 28
36 15 36 18
30 4 30 8
30 4 34 4
0 11 0 12
8 32 14 32
6 8 6 9
22 20 22 25
10 4 10 5
25 29 25 31
25 29 27 29
1 14 1 27
3 14 3 22
20 30 20 35
14 36 16 36
18 2 22 2
26 4 26 6
12 15 14 15
25 17 35 17
37 32 37 36
26 0 26 4
26 0 29 0
3 13 3 14
9 1 9 3
5 12 5 16
35 1 35 8
35 1 37 1
29 15 29 16
29 15 34 15
27 5 27 10
10 5 17 5
5 32 5 34
5 32 7 32
7 21 7 31
6 35 13 35
7 16 28 16
2 37 3 37
4 23 4 24
32 21 36 21
19 13 21 13
27 4 27 5
27 4 29 4
26 30 26 32
21 15 23 15
30 9 34 9
14 32 14 36
0 33 2 33
20 29 21 29
7 20 14 20
30 8 35 8
21 36 23 36
25 18 25 24
25 18 34 18
9 3 22 3
20 17 20 21
5 20 5 32
37 9 37 10
7 32 8 32
29 13 29 15
10 26 10 29
10 26 17 26
21 22 21 29
9 12 29 12
0 1 0 11
8 3 9 3
4 9 4 23
16 11 20 11
13 11 16 11
