83
4 27 5 27
30 31 29 31
15 26 15 27
29 18 29 17
12 13 11 13
2 36 3 36
18 21 18 20
19 4 19 5
34 28 34 27
21 13 20 13
27 19 27 18
15 20 15 21
37 23 37 24
9 22 8 22
32 14 32 13
14 10 14 9
34 33 33 33
27 22 27 23
3 14 4 14
37 12 36 12
35 9 34 9
18 33 17 33
4 33 3 33
36 34 36 33
16 21 16 22
12 20 12 19
23 4 23 5
33 6 33 7
6 34 7 34
37 20 36 20
18 14 18 15
21 8 20 8
31 30 32 30
7 34 7 35
33 16 33 17
36 12 36 11
16 22 15 22
5 16 5 17
25 27 26 27
11 13 12 13
9 21 9 22
22 3 21 3
21 22 20 22
2 4 2 5
10 23 9 23
12 28 12 29
9 1 9 2
9 2 9 1
23 15 23 16
34 11 33 11
0 13 0 12
24 8 24 7
9 29 9 30
18 20 18 21
18 15 17 15
3 6 3 5
29 21 30 21
1 28 2 28
36 27 35 27
5 27 4 27
36 11 35 11
21 17 22 17
29 17 30 17
17 19 18 19
37 14 37 15
11 30 11 31
29 31 30 31
16 16 16 17
32 10 33 10
22 17 23 17
14 30 14 31
1 8 1 9
30 17 30 18
20 18 21 18
30 18 30 19
35 23 35 24
12 13 11 13
20 22 19 22
6 1 7 1
6 14 6 15
1 6 1 7
33 15 32 15
35 1 34 1
117
37 3 37 8
32 33 32 36
32 33 33 33
0 28 2 28
16 23 27 23
14 31 16 31
3 33 3 36
1 4 1 7
16 17 23 17
30 31 32 31
8 27 8 28
8 27 15 27
24 7 24 9
32 5 32 13
32 32 32 33
32 32 35 32
32 31 32 32
34 4 34 9
35 32 37 32
21 18 21 21
30 21 30 25
13 1 13 8
13 1 34 1
3 8 3 10
27 24 27 28
19 16 21 16
26 21 30 21
11 3 11 4
18 19 18 21
8 16 8 22
7 1 7 5
7 1 9 1
15 3 15 19
15 3 21 3
17 9 17 15
17 9 24 9
36 13 36 20
15 21 15 22
15 21 18 21
0 3 0 5
14 28 14 31
24 33 31 33
10 1 10 6
10 1 11 1
7 28 8 28
0 5 0 12
3 5 3 8
3 5 7 5
28 27 28 31
28 27 34 27
5 9 5 17
34 27 35 27
3 10 3 15
18 21 21 21
23 16 24 16
33 11 33 17
17 27 19 27
11 25 15 25
26 28 26 29
17 18 21 18
17 15 32 15
1 14 1 26
24 16 32 16
21 16 23 16
34 14 35 14
5 17 5 29
13 0 14 0
8 28 8 31
8 28 14 28
23 19 30 19
9 19 9 22
9 19 12 19
12 22 15 22
28 7 28 10
28 7 31 7
16 32 32 32
5 34 11 34
30 19 30 21
6 28 6 29
6 28 7 28
15 22 15 25
6 15 6 28
24 5 32 5
4 20 4 27
1 1 7 1
11 8 13 8
8 31 9 31
8 35 9 35
11 31 11 34
11 31 13 31
9 1 9 19
9 1 10 1
1 36 3 36
8 22 8 27
8 22 9 22
13 31 14 31
13 8 13 17
32 4 32 5
32 4 34 4
30 29 32 29
9 30 9 31
16 31 16 32
16 31 17 31
23 24 27 24
4 14 4 20
11 1 11 3
15 19 15 21
15 19 18 19
0 19 0 28
17 36 17 37
35 24 35 27
35 24 37 24
20 7 20 8
23 17 23 19
23 17 33 17
4 7 4 13
18 22 19 22
