304
22 7 22 6
32 15 32 16
14 3 14 4
19 3 19 2
36 6 36 5
10 41 9 41
32 41 32 42
27 16 27 15
7 37 6 37
42 13 41 13
42 44 43 44
28 0 28 1
41 21 41 22
38 30 38 31
32 27 31 27
16 30 16 31
19 10 20 10
24 1 23 1
41 9 42 9
41 27 41 28
21 31 22 31
40 34 40 35
16 1 16 2
34 38 34 39
20 9 21 9
7 23 7 22
31 13 31 12
4 44 4 43
27 27 28 27
24 19 24 20
30 43 29 43
19 21 19 20
32 26 33 26
38 15 39 15
13 41 13 42
44 39 44 38
6 41 6 42
13 27 13 26
42 27 41 27
42 40 43 40
23 6 23 5
42 8 42 7
7 40 6 40
20 1 20 2
43 40 44 40
21 32 21 33
36 14 36 15
38 7 38 8
36 19 36 20
26 41 25 41
12 27 11 27
7 22 7 21
33 43 34 43
38 31 38 30
9 3 8 3
24 18 25 18
21 22 22 22
29 10 29 11
31 24 31 25
26 43 26 44
6 13 6 14
30 4 31 4
43 11 44 11
31 29 32 29
26 12 25 12
17 5 17 6
9 15 8 15
1 0 0 0
33 18 32 18
33 32 32 32
16 36 15 36
23 22 23 23
1 8 0 8
25 9 25 8
44 38 44 37
20 13 21 13
11 18 11 19
43 30 43 29
0 41 1 41
0 5 1 5
19 30 18 30
9 19 10 19
11 37 10 37
43 10 43 9
9 33 10 33
12 8 11 8
27 38 27 39
21 7 21 6
17 1 17 2
27 37 27 38
40 25 40 24
22 43 23 43
32 36 32 37
0 20 0 21
11 1 11 2
24 33 24 34
34 12 34 11
23 19 23 20
27 21 27 20
24 29 25 29
37 22 36 22
33 12 34 12
28 37 28 36
9 30 8 30
2 35 3 35
20 32 21 32
42 12 42 13
25 6 24 6
31 30 32 30
3 35 3 34
3 38 4 38
29 43 30 43
8 44 9 44
22 8 22 7
22 39 22 40
42 21 42 20
36 17 36 16
6 7 7 7
25 41 26 41
37 27 38 27
20 4 19 4
44 35 43 35
38 23 38 24
43 34 43 33
43 29 43 30
14 32 14 31
3 18 4 18
5 18 5 19
9 35 9 34
13 23 12 23
8 24 9 24
15 9 15 8
39 9 39 10
6 14 5 14
34 15 34 16
4 28 4 29
37 23 37 22
34 16 35 16
8 9 7 9
28 1 28 0
6 42 6 41
21 35 22 35
44 11 44 12
26 29 26 30
23 36 22 36
22 22 22 23
34 12 33 12
43 9 43 8
30 17 31 17
42 18 42 19
22 37 22 38
14 25 15 25
25 18 25 19
5 14 6 14
30 7 30 6
15 31 15 32
33 17 33 18
40 35 40 34
27 41 28 41
29 33 28 33
22 7 22 8
37 5 37 6
21 9 22 9
42 11 43 11
26 40 27 40
36 22 36 23
19 16 19 15
19 28 20 28
37 14 38 14
11 21 10 21
20 2 21 2
7 32 6 32
44 37 44 38
33 37 33 36
13 14 14 14
32 8 32 9
17 17 17 18
18 9 19 9
11 36 11 37
9 18 9 19
24 34 25 34
1 5 0 5
0 35 0 34
5 19 5 18
26 22 26 21
0 5 0 4
16 39 16 38
5 20 5 21
34 8 34 9
21 18 21 17
21 32 20 32
15 8 16 8
8 3 8 4
37 43 38 43
28 6 28 5
12 5 12 6
0 27 1 27
4 12 3 12
14 40 14 41
29 25 30 25
43 20 44 20
41 24 41 23
23 43 22 43
8 27 9 27
11 11 11 12
22 23 21 23
13 26 13 25
33 10 34 10
29 20 29 19
4 36 3 36
38 27 38 28
25 29 24 29
38 30 38 29
13 8 13 9
6 41 6 42
12 6 12 7
18 0 17 0
12 23 11 23
31 33 32 33
10 21 11 21
2 25 2 26
17 30 16 30
3 20 4 20
17 22 17 23
29 22 28 22
27 3 27 2
22 15 22 14
5 31 5 32
12 36 11 36
3 13 2 13
32 42 31 42
7 9 8 9
9 24 10 24
19 15 19 16
32 7 33 7
20 12 20 11
20 43 19 43
15 25 15 26
19 25 19 24
36 23 36 24
24 6 24 5
7 21 8 21
15 35 14 35
0 21 0 20
13 22 13 21
0 10 0 9
17 43 17 44
23 10 23 11
2 42 3 42
16 30 17 30
27 19 27 18
19 36 20 36
10 20 11 20
40 28 40 29
11 4 11 5
17 30 17 31
28 33 27 33
6 8 5 8
19 20 19 21
9 19 8 19
25 34 24 34
13 40 13 41
30 6 30 7
31 27 32 27
7 20 7 21
12 33 13 33
19 37 18 37
19 4 20 4
29 35 29 34
12 0 12 1
16 44 15 44
21 23 21 24
40 29 40 30
13 33 12 33
8 15 8 16
1 16 1 15
28 28 28 29
19 2 19 3
33 36 33 35
44 34 43 34
2 18 2 19
42 9 43 9
39 41 39 40
16 38 16 37
36 34 36 33
40 3 41 3
10 8 10 9
24 29 24 28
6 42 6 43
16 31 16 30
41 13 41 12
19 3 19 4
20 32 20 31
39 3 39 4
31 8 31 9
41 3 40 3
18 36 17 36
6 5 6 6
16 30 17 30
27 28 28 28
40 3 41 3
26 36 27 36
41 40 40 40
22 9 22 10
157
4 18 5 18
2 15 2 19
29 5 29 11
29 5 30 5
22 29 22 31
4 29 4 31
16 24 16 28
16 24 19 24
14 41 26 41
19 16 19 17
19 16 20 16
11 3 16 3
36 21 36 24
4 23 11 23
40 14 40 24
24 12 24 13
28 36 34 36
42 19 42 20
10 40 22 40
26 10 26 21
4 34 5 34
23 37 24 37
0 42 3 42
0 1 0 3
0 1 1 1
18 35 19 35
8 12 9 12
32 9 34 9
12 31 12 33
0 9 3 9
16 18 16 24
17 32 17 34
0 34 3 34
29 11 29 16
19 26 27 26
22 36 22 38
44 23 44 38
10 19 11 19
25 19 25 24
21 13 24 13
4 3 4 8
37 15 37 22
39 4 44 4
17 14 19 14
36 24 38 24
27 20 28 20
31 25 32 25
29 23 29 27
12 7 12 9
5 2 5 4
5 2 8 2
11 39 27 39
31 17 31 25
38 19 38 24
38 19 39 19
20 19 20 24
28 41 29 41
35 40 39 40
35 12 38 12
34 10 35 10
34 11 39 11
0 4 0 8
1 20 4 20
15 44 17 44
23 3 23 4
18 32 32 32
26 41 28 41
21 2 22 2
16 28 20 28
37 6 37 7
39 15 39 19
20 16 21 16
17 34 24 34
35 5 36 5
12 28 16 28
11 5 11 8
11 5 23 5
24 5 24 8
24 5 28 5
12 9 13 9
14 35 18 35
30 37 30 43
0 8 0 9
3 43 4 43
28 5 28 10
8 16 8 18
25 24 26 24
22 35 31 35
23 29 23 31
40 33 43 33
26 30 30 30
43 34 43 35
21 44 24 44
38 2 38 3
5 18 5 21
5 18 8 18
18 31 20 31
4 43 6 43
10 44 11 44
13 9 16 9
8 0 17 0
6 34 9 34
15 36 17 36
32 18 33 18
8 11 8 12
6 32 6 34
39 38 42 38
19 9 27 9
9 16 19 16
25 12 25 13
33 12 33 18
0 0 0 1
1 35 14 35
35 16 35 21
35 16 36 16
27 29 28 29
40 8 40 9
40 8 43 8
1 15 1 19
31 42 42 42
10 39 11 39
30 2 36 2
23 5 24 5
9 12 9 16
9 12 11 12
27 36 27 38
27 36 28 36
30 43 31 43
28 24 28 27
32 32 35 32
1 6 1 7
20 28 24 28
29 27 29 28
9 34 12 34
22 10 22 12
20 11 20 16
0 3 0 4
32 30 32 32
42 38 44 38
3 34 4 34
39 8 40 8
20 31 22 31
15 32 15 33
15 6 16 6
19 24 19 26
42 23 44 23
41 23 41 27
41 23 42 23
6 36 6 37
34 36 34 39
42 35 42 38
27 15 27 18
3 0 3 8
12 1 23 1
41 20 41 22
32 43 34 43
28 0 35 0
