49
12 14 12 15
9 2 8 2
3 8 2 8
6 3 6 4
9 5 9 6
20 10 20 11
10 12 9 12
1 18 1 19
0 16 0 17
16 2 16 1
1 17 1 18
17 7 18 7
13 4 14 4
20 16 19 16
7 15 6 15
11 19 12 19
2 5 3 5
14 2 15 2
9 6 8 6
20 15 20 16
8 18 7 18
0 15 0 16
6 4 6 3
7 20 7 19
8 12 7 12
1 19 0 19
3 3 3 4
4 14 5 14
11 10 12 10
4 19 3 19
16 17 16 16
20 17 20 18
2 8 2 9
18 11 18 12
14 4 14 5
17 14 16 14
1 13 0 13
6 1 7 1
11 5 11 6
7 16 8 16
12 6 12 5
10 10 10 9
18 1 17 1
18 12 18 13
7 18 7 17
15 12 16 12
3 13 4 13
10 8 9 8
18 7 19 7
151
14 16 14 17
19 17 19 18
8 19 8 20
8 19 12 19
14 11 14 12
4 18 4 20
4 18 5 18
7 2 8 2
3 12 4 12
14 18 14 19
14 18 16 18
0 17 0 18
0 17 3 17
7 8 7 10
2 15 3 15
4 12 4 13
10 0 10 1
10 0 15 0
0 2 0 3
0 2 1 2
2 2 2 9
2 10 4 10
12 1 12 5
12 1 14 1
19 5 19 6
11 18 12 18
3 2 3 4
17 2 17 8
17 2 19 2
14 1 14 3
14 1 15 1
11 7 12 7
3 9 4 9
3 17 6 17
8 4 8 5
19 1 19 2
19 11 19 13
3 0 4 0
15 0 19 0
8 17 8 19
5 12 5 14
18 13 19 13
14 14 14 15
14 14 16 14
4 10 4 12
2 9 2 10
2 9 3 9
8 2 10 2
6 15 12 15
1 4 1 5
6 17 6 19
0 18 0 19
14 3 15 3
11 9 11 12
11 9 14 9
14 8 17 8
12 15 13 15
4 7 4 9
18 16 18 18
18 16 19 16
7 6 7 8
10 6 10 7
6 16 8 16
20 4 20 11
0 13 0 16
0 13 4 13
15 15 15 16
16 16 18 16
14 15 15 15
7 1 7 2
12 19 14 19
12 10 14 10
9 3 9 4
3 6 3 9
3 6 7 6
3 15 5 15
18 3 18 4
20 11 20 14
3 14 3 15
3 14 5 14
3 11 3 12
16 20 19 20
1 2 2 2
19 7 19 10
12 20 14 20
14 12 14 13
8 6 8 13
8 6 10 6
5 10 5 11
16 1 17 1
13 16 13 18
13 16 14 16
0 20 1 20
10 5 10 6
10 5 12 5
11 17 11 18
7 11 7 12
6 11 6 14
11 16 11 17
0 19 0 20
2 20 4 20
13 18 14 18
0 16 0 17
1 20 2 20
7 12 7 14
5 14 5 15
5 14 6 14
17 1 17 2
17 1 19 1
4 9 4 10
4 9 6 9
7 10 7 11
7 4 8 4
17 11 19 11
14 17 14 18
14 17 15 17
17 8 17 10
18 18 19 18
15 16 16 16
20 14 20 16
4 20 8 20
15 2 15 3
15 2 17 2
14 7 14 8
17 10 18 10
15 1 15 2
15 1 16 1
10 7 10 9
10 7 11 7
0 3 0 7
16 11 16 12
6 3 6 5
9 17 11 17
8 1 10 1
2 14 2 15
2 14 3 14
14 9 15 9
6 2 7 2
19 2 19 5
5 11 5 12
5 11 6 11
10 1 11 1
19 6 19 7
18 4 18 6
16 14 16 16
16 14 20 14
18 10 19 10
3 4 3 5
13 15 13 16
1 0 1 1
1 0 3 0
