111
19 15 19 14
4 19 5 19
20 10 19 10
31 10 30 10
28 19 29 19
0 20 0 21
1 20 2 20
6 15 5 15
6 18 5 18
25 18 25 19
18 10 17 10
1 9 0 9
18 12 17 12
20 14 20 13
21 28 21 29
20 20 20 19
0 2 0 3
6 2 5 2
31 17 31 16
14 24 13 24
23 9 22 9
25 19 24 19
28 9 28 8
19 4 19 3
17 5 17 6
17 9 16 9
19 12 19 13
26 17 27 17
14 9 14 10
0 3 0 2
9 6 10 6
19 28 20 28
23 1 23 0
23 15 24 15
3 1 3 2
29 19 30 19
22 14 21 14
15 6 14 6
23 22 23 21
12 15 13 15
20 4 21 4
13 26 12 26
9 30 8 30
3 30 3 29
5 7 5 8
19 3 19 4
4 22 5 22
10 8 11 8
12 7 12 6
1 18 1 17
11 30 10 30
14 10 15 10
17 10 17 11
8 8 8 7
16 7 17 7
5 4 4 4
7 17 7 16
14 30 13 30
17 12 18 12
30 32 30 31
1 17 0 17
29 1 28 1
16 32 15 32
27 13 28 13
17 31 17 32
5 11 6 11
1 5 1 6
5 31 5 32
12 21 11 21
14 15 14 14
3 27 2 27
14 4 14 5
26 11 26 12
7 13 8 13
15 24 15 23
9 3 8 3
29 22 28 22
21 12 22 12
1 21 1 22
18 15 18 16
15 20 15 21
27 10 27 11
8 22 9 22
14 14 13 14
31 2 30 2
31 18 31 19
19 4 20 4
24 32 24 31
19 16 20 16
15 3 16 3
10 10 11 10
17 8 17 9
19 18 19 17
0 0 0 1
10 6 9 6
19 17 19 18
31 9 31 8
11 28 11 29
10 24 10 23
20 31 21 31
2 22 3 22
19 13 19 12
20 4 19 4
14 27 14 28
18 32 19 32
10 14 10 15
32 32 32 31
21 4 21 3
0 30 1 30
27 11 27 10
21 31 20 31
151
30 10 30 12
13 22 17 22
4 8 5 8
10 28 10 30
22 20 22 22
28 13 28 17
21 19 24 19
25 10 25 17
25 10 26 10
4 18 4 20
4 18 5 18
7 9 7 16
7 9 9 9
4 4 4 5
5 8 5 13
22 2 22 7
2 13 2 15
2 13 5 13
9 23 9 24
9 23 10 23
2 30 8 30
11 21 11 29
29 4 29 11
22 1 22 2
23 7 27 7
12 18 12 20
21 27 21 29
21 32 22 32
16 20 16 21
8 25 8 28
10 18 12 18
17 1 17 6
1 30 2 30
0 21 4 21
27 8 28 8
8 14 8 20
8 14 13 14
20 13 20 16
3 11 4 11
17 32 19 32
5 2 9 2
24 17 25 17
5 18 7 18
10 13 20 13
9 2 9 6
9 2 13 2
11 20 11 21
15 16 15 19
14 0 14 5
17 29 17 30
17 29 19 29
31 5 31 8
10 16 13 16
8 0 8 1
24 10 25 10
13 30 13 31
22 10 22 12
22 10 24 10
14 28 16 28
5 15 5 16
2 8 2 10
30 2 30 4
5 19 7 19
24 15 24 17
16 25 16 27
16 25 25 25
4 20 6 20
31 8 31 15
31 8 32 8
30 12 30 19
0 17 5 17
15 15 15 16
3 2 5 2
12 25 15 25
26 12 30 12
18 14 19 14
0 2 2 2
19 31 19 32
10 22 10 23
17 26 19 26
26 18 26 23
3 8 3 10
3 8 4 8
17 30 17 32
17 22 17 24
9 6 9 7
14 5 14 6
0 13 0 15
0 13 2 13
22 31 22 32
12 20 12 25
30 25 30 29
0 16 5 16
4 5 4 6
16 6 16 9
32 5 32 7
19 29 21 29
25 17 27 17
7 8 7 9
17 9 17 11
11 10 11 12
3 24 9 24
31 15 31 16
11 8 11 10
9 22 9 23
9 22 10 22
13 28 13 30
8 6 9 6
13 5 14 5
18 16 18 17
18 16 20 16
18 1 18 7
31 16 31 19
4 6 4 8
12 6 14 6
14 18 14 20
30 29 30 31
24 28 24 31
24 28 28 28
2 27 2 30
2 27 4 27
4 21 11 21
0 10 2 10
26 25 30 25
2 20 4 20
30 19 31 19
13 14 15 14
0 1 8 1
12 27 12 28
7 16 7 18
15 10 15 12
22 9 26 9
10 9 10 11
5 32 15 32
8 12 8 13
0 8 0 9
10 15 13 15
15 0 15 10
20 32 21 32
0 15 0 16
8 1 13 1
6 4 6 5
1 6 4 6
3 23 3 24
3 23 9 23
17 28 20 28
9 9 10 9
20 31 20 32
20 31 22 31
7 6 8 6
27 17 27 18
