94
12 6 12 7
3 11 3 12
9 21 9 20
20 29 21 29
12 16 11 16
8 33 7 33
10 30 10 29
28 6 28 5
11 31 11 30
5 12 5 11
29 16 29 15
5 16 4 16
4 5 4 4
10 5 10 4
28 5 28 4
19 13 20 13
13 26 12 26
9 28 9 29
22 22 22 23
11 30 12 30
18 12 19 12
31 24 32 24
11 27 11 26
33 24 33 25
34 16 34 17
9 4 9 3
33 30 33 29
16 28 15 28
11 3 10 3
27 29 26 29
9 29 9 30
32 30 31 30
33 13 34 13
15 35 14 35
20 7 21 7
19 22 19 23
2 24 3 24
12 30 12 31
1 10 1 9
30 4 30 5
15 18 16 18
5 9 5 8
8 21 9 21
9 8 10 8
1 1 1 0
10 4 10 5
32 5 33 5
12 7 13 7
19 31 19 32
10 5 9 5
11 2 12 2
1 21 0 21
16 27 16 28
1 9 0 9
26 29 26 28
15 8 14 8
15 33 16 33
14 33 14 32
7 26 7 25
31 9 32 9
4 4 4 5
31 21 31 20
34 20 34 19
18 27 18 28
13 7 12 7
11 16 12 16
31 30 32 30
7 13 7 12
9 20 8 20
32 30 33 30
21 13 21 12
22 8 22 7
15 16 16 16
21 12 21 13
29 15 29 14
7 1 7 0
21 21 21 22
18 15 17 15
35 31 35 30
16 28 16 29
22 23 23 23
7 25 7 24
19 35 19 34
19 33 20 33
20 3 20 4
21 13 21 14
25 6 25 5
12 16 11 16
16 29 17 29
5 15 5 14
14 15 15 15
28 3 28 2
12 35 13 35
19 10 19 9
106
19 12 19 16
20 33 20 34
32 25 33 25
15 1 15 15
26 2 26 8
26 2 28 2
2 26 2 27
0 8 5 8
5 8 10 8
29 9 29 11
19 1 19 9
1 0 3 0
18 28 18 30
33 23 33 25
7 20 8 20
21 23 21 29
21 23 23 23
1 13 1 14
7 12 7 20
25 4 25 5
22 34 30 34
12 34 19 34
3 23 3 24
3 23 9 23
35 17 35 25
11 20 11 26
21 10 21 14
34 13 34 17
25 12 25 18
20 30 25 30
0 14 0 18
29 14 29 24
12 4 12 7
17 11 17 15
32 21 32 22
21 7 21 8
26 24 26 28
26 24 29 24
25 26 25 29
26 18 26 19
11 0 11 1
4 12 4 16
4 12 7 12
2 28 2 31
2 28 5 28
25 29 33 29
18 18 18 28
18 18 25 18
27 22 28 22
22 6 22 7
0 18 0 21
0 24 3 24
34 17 35 17
8 20 11 20
0 9 0 14
21 29 25 29
30 9 30 14
7 0 8 0
32 22 32 24
32 22 34 22
33 25 33 29
33 25 35 25
4 10 4 12
4 10 12 10
19 32 19 34
9 3 10 3
16 18 16 32
16 18 18 18
16 32 19 32
25 30 33 30
17 16 19 16
29 3 32 3
19 19 19 23
2 16 4 16
1 14 1 15
1 14 2 14
12 7 12 8
28 2 28 4
4 29 10 29
26 8 26 15
14 32 16 32
32 3 32 9
19 9 19 12
5 28 7 28
7 28 15 28
9 21 9 23
2 27 2 28
2 27 4 27
16 16 17 16
12 8 12 10
12 8 14 8
3 24 7 24
32 24 32 25
19 34 20 34
13 25 15 25
29 11 29 14
21 22 21 23
21 22 27 22
9 30 9 31
27 20 27 22
3 0 7 0
31 10 31 20
19 23 19 32
19 23 21 23
2 12 3 12
33 5 33 6
