109
18 5 19 5
16 19 16 18
1 7 1 8
3 5 3 6
13 8 13 9
21 2 20 2
18 14 18 13
4 17 4 18
11 9 10 9
22 2 22 1
2 2 2 3
6 7 7 7
17 21 17 20
22 1 22 2
23 9 23 10
4 5 4 4
10 9 10 8
22 24 21 24
13 2 13 1
7 17 6 17
0 23 0 22
4 7 4 6
16 24 16 25
20 0 19 0
11 25 11 24
23 10 22 10
21 21 21 20
8 17 7 17
17 10 17 9
20 23 21 23
2 23 1 23
19 5 18 5
5 11 6 11
7 22 8 22
15 23 14 23
2 6 1 6
5 15 5 14
0 13 0 14
15 8 16 8
6 1 6 2
10 4 10 5
21 1 21 2
24 24 25 24
24 19 23 19
18 10 17 10
1 22 1 21
13 18 13 17
14 14 14 13
11 17 12 17
22 16 22 15
2 22 1 22
14 0 14 1
6 19 7 19
17 24 18 24
7 24 7 23
6 0 6 1
6 24 7 24
20 15 20 16
12 0 12 1
15 19 16 19
5 17 5 16
21 7 22 7
5 0 6 0
12 6 12 5
14 15 15 15
19 14 19 13
18 2 19 2
6 2 7 2
6 22 5 22
22 7 21 7
15 2 14 2
19 6 19 5
16 19 15 19
6 11 7 11
2 8 2 7
14 7 15 7
5 6 5 5
1 23 0 23
1 16 1 15
4 18 3 18
4 6 4 5
5 16 5 17
11 2 11 1
16 21 16 20
19 0 20 0
22 22 22 21
8 9 8 8
15 24 16 24
3 11 3 10
7 23 7 22
25 10 24 10
18 1 17 1
23 22 22 22
20 22 21 22
11 8 12 8
2 21 2 22
11 22 11 23
20 10 21 10
11 24 10 24
22 17 22 16
24 3 24 2
10 22 10 23
13 25 13 24
16 2 15 2
23 1 23 2
17 12 17 11
9 1 10 1
12 9 11 9
17 25 17 24
184
18 23 21 23
10 23 10 24
10 23 11 23
9 8 10 8
8 22 8 23
15 18 15 19
14 18 15 18
3 25 5 25
14 3 14 4
14 21 14 22
20 1 24 1
1 14 1 15
5 14 6 14
15 12 18 12
15 15 15 18
15 15 16 15
24 6 25 6
21 20 21 22
25 7 25 9
23 19 23 20
7 9 7 10
7 9 9 9
14 2 14 3
0 18 1 18
1 21 3 21
8 3 9 3
16 18 17 18
10 6 10 8
18 12 19 12
19 8 19 11
2 17 2 18
11 11 11 12
11 11 12 11
17 22 17 24
17 22 21 22
3 20 3 21
20 7 20 8
7 10 7 11
9 20 9 21
9 20 10 20
0 5 0 8
3 19 5 19
18 8 18 12
13 19 13 20
13 19 14 19
7 21 7 22
15 5 16 5
7 11 7 13
7 11 8 11
5 21 6 21
9 5 9 7
22 23 22 25
8 24 8 25
2 15 3 15
24 10 24 12
18 4 21 4
7 15 8 15
23 20 23 21
23 20 24 20
16 24 16 25
20 5 21 5
0 16 2 16
13 7 13 9
20 2 20 3
1 0 2 0
20 25 21 25
14 13 14 17
13 24 14 24
10 10 11 10
22 15 22 16
22 15 23 15
9 23 9 24
2 16 3 16
24 16 25 16
18 3 18 4
21 10 22 10
9 10 9 13
18 13 18 17
24 15 25 15
6 15 6 17
19 5 19 7
9 9 9 10
2 18 2 19
11 0 11 1
10 11 11 11
12 22 14 22
12 15 13 15
16 1 16 3
10 24 12 24
3 24 5 24
17 18 17 20
17 18 19 18
11 13 11 14
16 17 16 18
25 11 25 12
24 21 24 22
13 20 16 20
4 1 4 4
2 22 2 24
3 8 4 8
12 1 13 1
9 18 10 18
11 1 11 3
8 8 9 8
10 20 10 21
5 7 5 8
5 7 7 7
21 3 21 4
19 13 19 16
22 9 22 10
22 9 25 9
23 2 24 2
0 14 0 15
0 14 1 14
16 25 18 25
0 1 0 2
17 10 17 11
8 15 8 16
8 15 9 15
16 9 17 9
19 11 20 11
17 13 17 14
6 17 6 21
6 17 7 17
1 22 1 24
0 15 1 15
24 18 24 20
13 13 14 13
2 12 2 14
2 12 5 12
1 17 1 18
18 24 18 25
18 24 19 24
9 21 9 22
9 21 10 21
21 7 21 8
8 19 9 19
11 10 12 10
8 14 8 15
23 21 23 24
1 8 3 8
4 5 4 8
4 5 5 5
6 0 6 1
17 4 18 4
0 11 0 14
7 19 8 19
20 18 20 19
20 18 21 18
19 2 20 2
25 12 25 14
24 22 24 25
3 21 3 24
3 21 5 21
6 6 7 6
21 2 22 2
3 13 3 15
17 1 17 3
17 1 19 1
9 13 11 13
15 4 16 4
16 23 16 24
7 7 7 9
7 7 8 7
12 5 15 5
5 2 5 4
6 14 6 15
18 5 18 8
11 14 13 14
10 8 12 8
22 16 24 16
0 10 0 11
0 10 1 10
13 15 13 16
16 4 17 4
6 1 6 5
1 12 2 12
7 25 8 25
8 18 8 19
0 2 1 2
12 4 13 4
8 23 9 23
2 19 3 19
16 20 16 22
