51
9 10 8 10
21 20 21 19
12 10 12 11
17 3 17 4
1 7 1 6
19 8 18 8
18 8 19 8
13 12 12 12
3 17 4 17
10 9 10 8
4 13 4 12
18 18 18 19
8 14 9 14
9 6 9 5
19 13 20 13
8 17 8 18
18 19 17 19
17 7 16 7
8 16 8 17
21 19 21 20
6 4 6 5
4 19 3 19
3 15 3 14
20 10 19 10
18 12 18 13
7 3 7 4
0 7 1 7
3 2 3 3
2 2 3 2
5 7 5 6
4 21 4 20
5 8 5 7
11 11 11 12
17 8 18 8
6 2 5 2
16 0 16 1
14 11 15 11
7 11 8 11
17 9 17 8
12 15 13 15
11 17 11 18
5 9 5 8
10 7 11 7
11 10 12 10
17 4 16 4
5 19 4 19
3 10 4 10
18 9 19 9
3 0 4 0
17 10 17 9
11 15 12 15
193
10 18 11 18
15 9 15 11
15 9 16 9
19 0 19 1
0 15 1 15
12 8 12 9
4 7 4 8
11 9 12 9
14 7 15 7
3 1 4 1
2 7 3 7
15 19 15 20
15 19 16 19
8 2 8 3
3 2 3 3
3 4 4 4
1 14 2 14
2 18 4 18
16 13 18 13
19 12 20 12
13 19 13 20
11 21 13 21
19 16 19 17
13 9 14 9
13 1 13 2
2 19 3 19
14 13 14 14
16 20 18 20
19 5 19 6
2 11 3 11
1 8 1 9
1 8 2 8
12 9 13 9
12 1 12 3
5 15 5 16
10 4 10 5
10 4 12 4
11 3 12 3
15 12 16 12
3 12 3 13
3 12 4 12
15 1 15 2
15 1 16 1
0 4 0 5
6 8 6 9
18 21 19 21
5 10 5 11
5 10 6 10
3 8 3 9
3 8 4 8
2 13 3 13
3 9 3 11
3 9 4 9
8 10 8 11
9 18 10 18
8 17 9 17
2 4 2 5
8 12 8 13
7 7 7 8
18 13 18 14
16 4 18 4
5 13 5 14
12 4 12 5
1 3 1 4
12 3 12 4
3 7 3 8
3 7 4 7
1 12 2 12
16 7 18 7
7 14 7 15
18 4 18 5
21 6 21 7
7 9 7 10
11 20 13 20
12 13 12 14
14 18 14 19
14 18 16 18
13 7 13 8
13 7 14 7
14 4 14 6
7 1 9 1
17 17 17 18
17 17 18 17
14 16 16 16
9 20 9 21
4 10 5 10
1 1 1 2
1 1 2 1
4 4 4 6
4 4 7 4
11 1 11 2
7 6 7 7
16 10 18 10
13 5 13 6
16 9 16 10
1 5 2 5
7 15 8 15
4 8 4 9
12 10 12 11
0 6 1 6
21 17 21 18
2 12 2 13
2 12 3 12
5 11 5 12
0 16 0 17
6 17 7 17
10 20 10 21
10 20 11 20
19 19 19 20
19 20 20 20
14 21 17 21
1 7 2 7
7 5 7 6
19 1 20 1
2 1 2 3
13 13 14 13
19 6 20 6
7 4 8 4
3 14 3 16
3 14 5 14
0 14 0 15
20 2 21 2
0 3 1 3
2 5 2 7
2 5 3 5
15 0 15 1
11 18 11 19
2 14 2 15
18 3 18 4
9 15 9 16
9 15 10 15
6 13 7 13
4 11 4 12
1 16 1 17
10 12 11 12
7 8 7 9
7 8 8 8
16 11 17 11
17 5 18 5
1 11 2 11
7 13 8 13
19 10 21 10
4 0 6 0
18 20 19 20
0 5 0 6
12 7 13 7
12 14 13 14
7 10 7 12
6 16 6 17
8 18 9 18
3 3 3 4
4 18 4 19
5 14 5 15
15 13 15 14
8 11 8 12
20 18 21 18
9 13 10 13
18 0 18 1
2 0 2 1
2 17 2 18
11 19 11 20
8 3 8 4
8 3 9 3
9 14 9 15
17 15 17 16
17 15 18 15
21 7 21 9
14 19 14 20
21 11 21 12
15 5 15 6
14 1 14 2
9 4 9 5
6 12 7 12
20 3 20 4
13 11 15 11
5 12 5 13
4 17 5 17
8 4 8 6
4 1 7 1
19 14 19 15
9 12 9 13
2 16 3 16
13 16 13 17
5 6 5 7
19 4 20 4
0 1 0 2
6 7 6 8
17 18 17 19
21 9 21 10
19 8 19 9
12 6 13 6
13 2 13 3
1 17 2 17
