60
23 21 23 20
11 5 10 5
20 2 20 3
16 4 17 4
22 6 22 7
12 17 13 17
22 10 22 11
13 10 14 10
16 11 16 10
19 22 19 23
8 8 7 8
12 20 12 19
19 5 19 4
15 21 15 20
23 14 22 14
6 15 6 14
15 6 15 5
7 19 6 19
21 10 21 11
3 13 2 13
6 14 6 15
13 21 14 21
15 14 16 14
12 19 12 20
12 7 11 7
12 20 12 19
22 14 23 14
11 10 10 10
4 14 4 15
10 15 10 14
13 18 12 18
4 18 3 18
0 14 1 14
22 0 21 0
12 5 13 5
2 23 2 22
19 12 18 12
16 8 17 8
9 9 9 8
2 16 2 17
19 21 18 21
14 1 14 2
4 1 5 1
18 21 19 21
14 2 14 3
16 17 16 18
20 6 20 7
10 4 10 3
19 13 19 14
16 18 17 18
6 6 5 6
20 7 20 8
3 5 3 4
14 3 13 3
2 9 2 10
17 4 17 5
22 17 21 17
8 9 7 9
23 4 23 5
19 23 18 23
137
10 11 10 12
13 11 13 14
19 4 20 4
3 4 5 4
14 10 14 11
2 8 2 10
2 8 4 8
0 22 2 22
14 8 17 8
2 17 6 17
21 0 21 8
21 0 23 0
6 5 7 5
14 19 14 20
14 19 15 19
8 18 12 18
14 5 14 6
3 22 4 22
7 15 9 15
9 3 9 4
10 22 11 22
14 22 16 22
7 9 7 12
7 9 12 9
2 13 2 17
7 20 8 20
9 20 9 21
9 20 11 20
7 13 7 14
14 11 14 13
16 22 18 22
4 8 5 8
18 22 18 23
18 22 22 22
21 18 22 18
17 10 17 11
14 6 14 8
12 6 12 9
12 6 13 6
21 17 21 18
0 21 1 21
17 0 21 0
3 11 3 14
3 11 4 11
23 14 23 16
5 4 5 6
5 4 9 4
17 18 17 20
22 8 22 9
19 16 20 16
0 8 2 8
18 23 23 23
3 3 5 3
14 20 14 21
8 7 10 7
21 16 23 16
23 18 23 20
9 4 9 5
9 4 11 4
17 5 17 8
7 12 7 13
7 12 10 12
5 7 6 7
5 13 7 13
12 23 15 23
19 14 23 14
10 5 13 5
13 3 19 3
20 8 20 9
2 5 2 8
9 21 10 21
4 22 5 22
11 1 11 2
16 14 16 15
9 15 16 15
19 2 19 3
16 15 16 22
16 15 19 15
13 14 16 14
10 13 10 14
19 20 19 21
19 19 19 20
16 13 16 14
16 13 17 13
7 6 12 6
0 5 0 6
0 5 1 5
1 21 2 21
3 14 7 14
12 9 14 9
22 9 22 11
23 3 23 5
11 22 13 22
0 20 0 21
6 0 9 0
18 17 18 20
1 14 1 15
7 5 9 5
5 22 10 22
12 19 13 19
4 0 6 0
6 17 6 19
6 17 9 17
20 16 21 16
20 9 22 9
4 7 5 7
17 20 18 20
15 17 15 19
3 18 3 21
4 15 6 15
14 9 14 10
14 9 15 9
2 11 2 13
2 11 3 11
11 17 13 17
9 0 9 3
6 19 12 19
7 21 9 21
6 15 6 17
13 19 13 22
13 19 14 19
2 22 3 22
13 5 13 6
3 21 3 22
5 8 7 8
11 7 11 8
19 21 20 21
19 18 19 19
19 18 21 18
17 8 17 10
19 3 20 3
2 3 3 3
10 7 11 7
17 11 17 13
17 11 19 11
12 14 13 14
23 16 23 18
