118
23 23 22 23
7 3 8 3
19 9 19 8
18 11 19 11
13 9 13 10
22 20 22 19
29 5 28 5
23 17 22 17
24 8 23 8
9 10 10 10
6 5 7 5
21 23 21 24
22 3 22 4
14 9 13 9
28 14 28 15
26 15 27 15
17 5 18 5
26 28 27 28
20 6 20 5
20 14 21 14
30 1 30 2
14 0 15 0
15 20 15 19
3 9 3 8
11 25 12 25
1 23 2 23
2 16 2 17
2 25 3 25
14 5 15 5
21 14 20 14
13 20 13 19
24 21 23 21
15 27 14 27
12 14 13 14
29 3 29 4
14 3 15 3
29 21 29 20
23 8 24 8
12 12 12 11
26 4 26 3
25 1 24 1
9 13 8 13
2 11 1 11
5 29 5 28
21 8 20 8
13 6 14 6
1 25 1 24
27 7 27 6
7 6 7 7
13 19 12 19
23 10 24 10
13 17 13 18
23 11 22 11
13 22 14 22
4 12 3 12
4 0 5 0
21 18 20 18
10 10 10 9
18 12 18 13
3 12 4 12
4 18 4 17
25 21 25 20
24 25 25 25
12 10 12 9
12 1 11 1
13 12 12 12
16 14 17 14
27 22 27 21
27 21 27 22
22 22 21 22
27 14 27 13
24 15 24 16
7 2 7 1
11 3 12 3
7 5 6 5
1 0 0 0
8 29 8 30
20 2 21 2
10 9 10 10
7 15 6 15
9 25 8 25
8 30 7 30
7 10 8 10
12 28 12 27
3 28 3 27
15 23 15 24
11 9 10 9
28 27 29 27
25 17 26 17
3 30 2 30
25 15 25 14
14 2 14 1
2 0 3 0
26 26 26 25
13 4 14 4
24 10 23 10
7 25 7 24
20 12 20 13
15 9 16 9
12 11 12 10
30 12 30 11
15 11 15 12
23 6 24 6
17 3 16 3
14 17 13 17
14 25 14 24
5 6 5 7
29 2 29 3
28 29 29 29
22 11 23 11
12 8 11 8
17 29 16 29
11 1 12 1
29 20 29 21
20 3 20 2
4 2 4 1
22 10 22 11
5 2 5 1
181
17 11 17 14
5 23 5 25
5 23 10 23
12 1 12 3
10 12 12 12
24 23 24 26
24 23 25 23
0 5 1 5
18 5 18 7
18 5 20 5
8 17 9 17
12 15 12 18
8 21 8 22
10 10 10 12
18 13 18 18
20 19 22 19
18 22 18 28
23 5 23 7
0 10 0 11
0 10 2 10
7 29 13 29
23 1 24 1
30 8 30 9
5 16 9 16
30 18 30 20
4 8 4 9
4 8 7 8
2 10 2 13
1 15 1 17
22 26 22 27
3 11 4 11
21 11 22 11
19 22 19 24
19 22 21 22
5 1 5 5
24 8 25 8
4 3 4 4
29 14 29 15
29 8 30 8
4 7 4 8
4 7 5 7
21 7 23 7
22 15 22 16
22 15 27 15
24 3 24 4
12 26 13 26
11 6 11 7
3 24 4 24
14 10 15 10
24 0 24 1
4 22 5 22
14 6 15 6
17 16 17 18
25 25 26 25
20 5 20 7
20 5 23 5
22 23 24 23
15 6 15 8
13 14 15 14
16 25 16 26
6 15 9 15
4 29 6 29
14 4 14 6
9 8 9 11
4 15 4 16
26 23 26 24
12 3 13 3
20 8 20 13
20 4 20 5
20 4 22 4
12 10 12 12
27 24 28 24
27 27 27 28
7 8 9 8
16 8 16 9
16 8 18 8
29 4 30 4
15 21 15 22
0 4 1 4
27 17 28 17
10 14 10 16
3 27 4 27
19 2 20 2
3 15 3 16
3 15 4 15
6 10 8 10
8 25 12 25
12 4 14 4
20 0 20 1
18 0 18 4
18 0 19 0
11 10 11 11
0 25 3 25
21 27 22 27
5 0 6 0
5 25 8 25
28 24 28 26
28 13 29 13
25 7 26 7
21 21 21 22
5 5 6 5
26 10 26 14
14 24 15 24
23 2 23 3
13 2 13 3
13 2 15 2
22 1 23 1
13 7 13 9
24 5 24 6
24 5 26 5
26 16 26 17
3 25 3 27
25 22 25 23
12 0 12 1
11 8 11 10
1 12 1 13
18 7 18 8
18 7 20 7
18 18 18 22
15 26 15 29
6 2 6 5
2 8 3 8
28 3 29 3
20 14 25 14
3 22 4 22
29 15 29 17
5 21 7 21
2 18 2 19
9 14 10 14
22 21 23 21
3 0 3 1
23 29 23 30
23 29 27 29
10 20 10 21
16 5 18 5
27 18 27 19
30 3 30 4
6 26 7 26
6 12 7 12
14 27 14 29
21 12 25 12
23 24 23 26
13 16 13 17
3 16 4 16
19 25 19 26
0 9 0 10
27 23 29 23
20 17 20 18
16 18 16 19
1 5 4 5
26 24 26 25
7 7 8 7
24 16 25 16
23 20 24 20
23 26 24 26
21 6 22 6
26 22 26 23
15 3 16 3
9 4 9 5
9 19 9 20
5 22 5 23
23 7 23 9
20 7 21 7
6 28 6 29
4 11 4 12
27 15 28 15
15 22 15 24
20 15 22 15
7 1 7 7
4 21 4 22
22 16 24 16
15 16 15 17
22 2 22 4
22 2 23 2
22 30 23 30
26 2 26 3
9 12 10 12
2 30 4 30
6 19 7 19
29 27 29 29
15 5 16 5
