37
3 18 2 18
15 17 15 18
15 4 15 3
13 9 14 9
20 18 21 18
3 1 2 1
10 14 10 15
16 1 16 2
9 17 9 16
17 21 16 21
13 5 13 4
6 12 6 11
15 11 15 12
19 18 20 18
12 13 11 13
2 3 2 4
20 8 20 7
0 7 0 8
14 11 14 12
15 5 15 4
8 16 7 16
16 4 16 3
6 13 6 12
10 17 9 17
4 18 4 19
14 10 14 11
17 6 18 6
9 14 10 14
5 20 5 19
10 6 10 5
19 8 20 8
19 4 18 4
9 16 8 16
15 4 16 4
19 1 19 0
9 17 9 16
0 4 1 4
189
0 11 1 11
9 7 10 7
0 1 1 1
6 7 6 8
7 1 8 1
8 18 10 18
6 10 6 11
7 4 8 4
16 15 16 16
4 7 4 8
8 9 9 9
15 0 15 1
2 12 2 13
2 12 4 12
14 18 14 19
16 12 18 12
1 20 1 21
16 18 17 18
10 5 10 7
1 17 1 18
7 9 8 9
14 2 15 2
15 19 16 19
11 14 12 14
8 15 9 15
10 1 10 2
8 11 8 12
19 21 20 21
2 6 2 7
2 6 4 6
5 13 7 13
11 11 11 12
5 19 6 19
15 20 15 21
3 3 4 3
5 6 6 6
6 14 6 15
5 12 5 13
1 11 1 12
8 0 10 0
14 1 15 1
0 3 0 5
17 0 19 0
10 2 10 3
20 21 21 21
14 0 14 1
14 0 15 0
1 7 1 8
1 7 2 7
16 6 18 6
4 17 4 19
4 17 5 17
9 15 10 15
5 0 6 0
15 6 15 7
13 21 14 21
5 14 5 15
16 9 18 9
14 12 15 12
11 6 12 6
5 7 6 7
17 20 19 20
7 14 8 14
2 17 2 18
2 17 3 17
7 17 7 18
1 1 1 2
20 18 20 19
11 13 13 13
20 19 20 20
20 15 20 16
8 2 10 2
0 2 0 3
19 9 20 9
13 20 13 21
18 12 18 13
18 12 19 12
7 12 7 13
17 10 18 10
6 4 6 5
8 16 9 16
18 9 19 9
7 10 8 10
17 8 18 8
8 17 11 17
16 0 16 2
5 4 5 5
6 11 7 11
14 9 16 9
18 10 19 10
15 7 15 8
15 7 16 7
13 2 13 3
10 4 11 4
18 8 20 8
15 21 16 21
4 12 5 12
18 6 19 6
19 6 19 7
20 0 20 1
10 9 11 9
18 16 19 16
4 14 5 14
4 0 5 0
15 3 15 6
15 3 16 3
2 13 2 14
2 2 3 2
1 12 2 12
7 21 9 21
7 18 8 18
0 18 0 19
0 18 1 18
0 19 0 20
6 2 8 2
5 9 5 10
21 10 21 11
18 15 19 15
2 9 2 11
17 1 17 2
11 18 13 18
13 12 13 13
13 12 14 12
5 16 5 17
5 16 6 16
16 16 17 16
4 1 4 2
4 1 5 1
19 5 19 6
5 8 5 9
19 3 20 3
8 8 9 8
16 10 17 10
16 19 16 20
17 4 18 4
12 14 14 14
10 3 10 4
21 7 21 8
9 13 10 13
3 14 4 14
0 20 0 21
11 2 12 2
4 13 4 14
17 11 18 11
10 0 10 1
10 0 11 0
3 2 3 3
14 19 15 19
17 16 18 16
2 8 2 9
2 15 3 15
13 3 15 3
21 18 21 19
13 10 13 11
21 12 21 14
21 3 21 4
19 2 19 3
13 11 13 12
6 19 6 20
12 11 13 11
17 2 17 3
17 2 18 2
10 20 12 20
20 16 20 18
15 15 16 15
19 0 19 2
9 4 10 4
2 1 4 1
11 12 12 12
16 8 17 8
19 16 20 16
15 18 16 18
7 0 8 0
6 16 6 18
6 16 7 16
4 19 4 21
5 10 6 10
3 7 4 7
4 3 4 4
20 3 20 4
19 20 19 21
19 20 20 20
1 2 2 2
10 7 10 8
20 20 20 21
4 9 5 9
16 13 16 14
17 15 18 15
11 15 11 16
