82
15 19 15 20
25 19 25 20
18 20 18 21
9 14 8 14
17 21 16 21
16 17 16 18
14 11 14 12
5 24 6 24
5 4 5 5
25 14 24 14
13 17 14 17
26 21 26 20
0 1 0 2
20 18 20 19
17 26 16 26
18 1 18 2
25 21 25 22
7 21 7 20
15 21 15 22
23 3 23 2
15 24 14 24
8 20 8 19
23 2 23 1
11 0 12 0
11 7 11 8
23 9 23 8
14 25 15 25
4 4 4 3
18 21 18 20
15 15 15 14
23 1 23 2
3 23 3 22
24 15 24 16
24 23 24 24
12 14 11 14
2 15 2 14
6 21 6 22
16 21 17 21
9 23 10 23
8 4 9 4
18 16 17 16
6 11 6 12
20 19 19 19
2 23 1 23
8 19 8 20
11 10 11 9
20 16 19 16
16 26 17 26
8 7 7 7
19 20 20 20
17 16 17 17
22 20 22 21
23 2 22 2
2 0 3 0
24 14 24 15
14 12 13 12
13 10 13 9
19 17 18 17
7 15 7 16
0 20 1 20
4 10 4 11
4 11 4 12
4 1 4 0
0 11 1 11
1 25 2 25
25 22 25 21
10 26 10 25
10 18 10 17
13 24 13 25
5 5 6 5
23 10 24 10
24 3 23 3
20 24 20 23
24 2 24 1
4 12 5 12
13 25 14 25
18 12 19 12
25 21 26 21
22 14 22 13
15 25 16 25
3 13 3 12
4 6 4 7
118
18 14 21 14
25 10 25 11
26 14 26 17
13 8 13 9
5 18 6 18
16 10 20 10
7 16 12 16
1 15 1 16
1 15 8 15
15 14 18 14
12 0 12 3
20 22 20 23
21 24 22 24
19 1 24 1
20 23 22 23
1 3 1 11
1 3 4 3
19 26 20 26
2 14 6 14
10 25 12 25
6 22 6 24
6 22 7 22
6 18 7 18
13 1 13 2
11 11 11 12
11 11 12 11
22 16 22 17
22 16 24 16
14 6 14 7
23 8 23 14
23 8 25 8
15 9 15 14
0 9 0 13
8 12 11 12
14 19 19 19
9 5 9 9
8 21 8 23
8 21 12 21
17 17 17 18
26 11 26 14
13 0 13 1
13 0 16 0
2 6 2 14
2 6 3 6
12 3 13 3
3 4 3 6
3 4 9 4
8 14 8 15
8 14 11 14
7 20 7 22
7 20 8 20
21 8 21 14
25 20 26 20
7 7 7 12
6 6 6 12
6 6 8 6
0 13 0 17
14 17 17 17
16 0 16 10
16 0 22 0
19 16 19 19
5 21 5 25
22 22 23 22
26 20 26 21
10 23 10 24
10 23 17 23
26 10 26 11
10 17 14 17
11 12 11 14
11 12 13 12
22 13 22 16
18 13 18 14
3 19 3 22
3 19 4 19
10 24 10 25
10 24 12 24
18 2 22 2
11 26 15 26
1 17 1 18
1 17 2 17
24 10 24 15
6 12 7 12
23 6 23 8
23 6 26 6
23 17 23 22
23 17 24 17
24 22 24 24
11 8 11 9
11 8 13 8
4 3 7 3
10 6 11 6
23 24 24 24
24 17 26 17
7 18 7 20
13 7 13 8
13 7 14 7
12 19 13 19
3 6 3 8
17 23 17 24
17 23 20 23
15 7 15 9
1 16 1 17
12 24 12 25
12 24 14 24
10 3 12 3
16 18 17 18
1 18 5 18
15 20 15 22
4 2 5 2
11 9 11 11
4 19 4 25
4 19 5 19
13 3 13 7
1 19 3 19
22 17 22 21
6 14 8 14
5 19 6 19
25 23 25 25
