299
30 17 31 17
29 21 29 22
31 36 31 37
2 22 2 23
21 21 20 21
4 3 4 2
37 34 37 33
12 14 12 15
4 20 4 19
32 38 33 38
26 6 25 6
15 34 15 33
17 27 17 28
8 19 9 19
23 9 24 9
24 3 24 4
13 37 13 36
8 3 8 4
13 12 13 13
19 19 19 18
31 10 30 10
24 4 24 3
27 0 28 0
30 33 30 32
19 11 20 11
37 12 37 11
10 24 11 24
26 33 26 32
7 8 7 7
16 19 16 18
2 12 2 13
18 5 18 4
13 21 14 21
9 28 8 28
38 6 38 5
31 7 30 7
6 2 6 3
34 29 34 30
14 14 14 15
35 37 36 37
29 20 30 20
21 16 21 15
36 32 36 31
29 5 30 5
34 28 34 27
2 26 2 25
8 16 7 16
9 12 8 12
9 2 9 1
21 32 22 32
7 18 8 18
29 7 29 8
4 19 5 19
25 26 25 25
25 33 25 34
21 12 21 13
9 10 9 11
28 16 27 16
1 5 1 4
34 27 33 27
13 8 13 9
1 31 0 31
22 4 22 3
24 14 23 14
24 26 25 26
9 26 8 26
18 4 18 5
28 23 28 24
32 16 32 15
3 33 3 34
23 30 23 31
35 0 34 0
24 9 24 8
31 17 31 16
17 28 18 28
0 28 0 27
10 38 11 38
8 38 8 37
16 6 16 7
16 25 16 24
17 33 18 33
1 26 1 27
15 21 15 22
36 28 37 28
21 13 22 13
13 13 14 13
33 7 32 7
1 6 1 7
7 19 7 20
0 14 0 15
33 34 34 34
15 14 15 13
36 37 36 36
19 26 19 25
4 8 3 8
27 4 27 5
38 0 38 1
28 24 29 24
4 9 5 9
37 26 37 27
22 27 21 27
29 25 29 26
21 35 21 36
34 20 34 19
6 20 6 19
18 29 18 30
35 33 36 33
28 6 28 5
5 23 4 23
14 21 15 21
8 30 8 29
8 1 8 0
18 17 18 18
8 29 7 29
37 27 36 27
9 27 8 27
0 20 0 21
37 14 36 14
7 24 7 23
11 31 11 30
11 38 10 38
3 19 4 19
13 32 13 31
10 33 10 34
27 5 26 5
5 36 6 36
4 16 5 16
7 4 7 5
22 16 23 16
13 23 13 24
10 19 10 18
9 36 9 37
3 7 3 6
8 31 7 31
34 38 34 37
5 22 5 21
23 16 23 17
13 31 12 31
21 5 22 5
11 17 11 16
26 7 26 6
4 31 3 31
6 19 7 19
35 14 35 13
5 9 5 8
2 24 3 24
28 0 28 1
18 2 18 1
4 36 4 37
18 9 18 8
12 29 11 29
37 11 36 11
29 24 29 23
36 14 36 15
30 36 30 37
6 28 6 27
34 8 34 9
10 38 10 37
2 23 2 24
4 23 4 24
27 20 26 20
12 9 11 9
22 21 22 22
6 18 5 18
31 31 31 32
3 24 3 25
8 4 8 5
21 36 21 37
31 13 31 12
0 35 0 36
10 35 10 36
10 4 10 3
36 4 37 4
31 2 31 1
28 1 27 1
23 23 22 23
14 17 14 18
30 27 31 27
14 36 14 37
29 35 30 35
3 4 4 4
30 3 29 3
37 28 37 29
15 20 16 20
25 0 25 1
3 36 3 35
29 0 29 1
12 3 13 3
7 17 8 17
3 31 3 32
11 37 12 37
4 2 4 1
31 9 31 10
34 15 35 15
27 38 27 37
10 13 11 13
34 37 35 37
30 20 30 21
17 38 17 37
28 36 28 37
34 11 34 12
15 6 15 5
9 4 8 4
5 14 5 15
16 5 16 6
32 7 32 8
26 5 27 5
26 32 26 31
36 15 37 15
4 19 4 20
29 34 29 33
22 17 22 18
2 36 2 35
16 11 16 12
20 27 20 26
23 27 24 27
12 12 12 11
37 33 37 32
5 34 4 34
34 0 34 1
26 31 26 30
31 16 31 17
14 3 14 4
7 34 6 34
37 4 36 4
20 18 21 18
36 8 37 8
30 21 30 22
8 27 9 27
8 17 8 16
35 24 36 24
37 32 37 33
5 17 4 17
13 20 12 20
21 9 22 9
19 18 20 18
31 27 31 26
29 12 30 12
23 14 23 13
12 6 11 6
5 15 4 15
22 6 22 7
25 21 26 21
38 5 38 6
8 28 8 29
20 17 21 17
5 18 4 18
35 38 36 38
22 32 23 32
13 25 12 25
23 10 23 9
3 30 2 30
23 37 22 37
26 35 26 34
12 15 12 14
21 15 20 15
23 17 23 18
25 20 24 20
4 7 5 7
15 38 14 38
19 2 20 2
12 10 13 10
16 38 16 37
35 18 35 17
9 19 10 19
2 17 1 17
33 11 34 11
13 36 13 37
16 2 16 3
27 11 26 11
0 15 0 14
2 6 1 6
27 16 28 16
7 19 8 19
33 4 32 4
1 17 2 17
0 4 0 5
14 4 14 3
2 1 2 2
23 31 22 31
4 1 4 0
23 20 23 21
35 37 35 38
18 34 17 34
33 21 32 21
0 27 0 28
8 21 9 21
12 14 13 14
4 17 4 16
36 31 37 31
30 32 30 31
35 1 35 0
36 3 36 2
3 1 2 1
37 36 38 36
28 37 28 38
22 1 23 1
14 22 13 22
23 34 22 34
165
13 37 14 37
34 19 34 30
0 9 0 10
18 32 23 32
3 32 3 34
15 26 15 27
26 2 26 4
26 2 34 2
33 22 33 25
1 30 2 30
19 36 22 36
36 24 37 24
29 8 29 11
25 25 26 25
19 13 20 13
19 33 19 35
19 33 27 33
0 38 3 38
18 1 18 5
10 19 10 34
36 36 36 38
2 24 2 25
20 16 20 18
22 13 22 15
17 10 17 16
20 18 21 18
2 17 2 20
2 17 3 17
30 10 30 11
35 27 36 27
13 24 13 30
29 18 30 18
7 29 8 29
27 7 27 9
17 24 19 24
10 34 12 34
16 16 17 16
31 32 33 32
4 4 4 6
4 4 8 4
11 19 15 19
7 20 7 23
23 24 23 32
23 24 24 24
10 7 10 8
28 18 29 18
31 12 31 17
30 37 31 37
7 36 10 36
5 35 6 35
18 5 19 5
32 6 32 8
16 37 17 37
10 11 11 11
34 30 34 31
27 14 27 15
4 20 4 21
20 19 23 19
8 18 8 19
12 31 12 32
17 25 17 26
5 8 6 8
4 21 5 21
16 24 17 24
16 20 17 20
31 35 36 35
23 3 23 7
23 3 24 3
6 3 10 3
19 5 22 5
24 24 26 24
3 17 9 17
9 11 9 17
35 23 35 27
7 7 7 9
25 28 25 29
1 21 1 27
22 7 23 7
15 7 16 7
2 11 2 13
18 27 18 28
2 25 2 27
11 35 11 36
24 32 29 32
32 8 35 8
22 15 24 15
18 21 19 21
0 30 1 30
19 8 21 8
21 10 21 17
21 10 26 10
12 34 12 37
28 15 28 16
17 26 20 26
20 31 22 31
35 11 35 13
29 14 29 18
9 18 10 18
19 21 19 24
16 23 16 24
8 8 10 8
10 16 10 18
10 18 10 19
31 17 35 17
4 37 4 38
28 17 28 18
18 0 19 0
29 32 29 33
0 13 0 14
17 36 17 37
20 13 20 15
28 33 28 38
5 27 5 35
8 5 15 5
14 13 15 13
16 18 16 20
10 8 10 11
0 31 2 31
0 36 0 37
18 6 18 8
35 13 35 15
24 23 27 23
5 21 5 26
30 31 30 35
8 19 8 22
27 33 27 34
14 2 14 3
30 35 30 37
8 7 8 8
8 7 10 7
24 25 24 27
11 13 12 13
11 30 13 30
10 36 10 37
26 11 29 11
21 27 21 29
9 17 9 18
22 37 25 37
28 5 30 5
13 10 17 10
36 29 37 29
11 11 12 11
21 17 21 18
12 11 13 11
2 7 2 9
29 3 31 3
30 18 34 18
11 16 11 19
34 31 35 31
23 18 23 19
33 13 33 14
33 13 35 13
38 24 38 36
25 1 25 5
26 4 31 4
9 9 9 11
19 17 19 20
32 29 32 30
25 26 26 26
0 37 4 37
25 6 26 6
27 1 29 1
35 15 35 17
5 16 7 16
4 13 4 15
