284
17 9 17 10
16 13 16 12
6 10 6 9
0 20 0 19
28 2 28 3
4 11 3 11
10 7 10 8
7 6 7 5
12 23 12 24
21 5 22 5
16 24 16 23
16 12 16 13
6 24 5 24
32 19 31 19
8 9 8 8
7 14 7 15
21 30 21 31
20 29 21 29
28 23 29 23
31 16 31 17
37 21 38 21
6 15 6 14
2 23 2 24
29 1 29 2
3 36 3 37
10 15 10 14
4 4 3 4
35 27 35 28
17 19 17 18
10 22 10 23
12 3 12 2
32 11 32 12
37 1 38 1
25 0 24 0
29 32 30 32
23 10 24 10
11 2 10 2
23 30 22 30
17 15 16 15
7 5 7 6
14 8 14 9
16 5 17 5
29 12 29 11
23 33 22 33
15 7 14 7
28 21 27 21
12 26 12 27
31 17 31 18
29 38 28 38
21 25 22 25
33 30 33 31
9 14 8 14
31 20 31 21
20 34 20 33
29 2 29 3
36 14 35 14
10 25 10 26
9 36 8 36
18 27 19 27
23 35 23 36
23 32 22 32
37 14 36 14
3 29 2 29
23 3 23 2
5 2 4 2
18 10 19 10
4 14 4 13
12 10 11 10
36 1 37 1
3 28 3 29
33 24 32 24
20 2 20 3
25 12 25 11
8 7 9 7
37 1 37 2
27 5 28 5
22 22 23 22
18 19 17 19
26 4 26 5
12 33 12 32
17 19 18 19
12 27 12 28
18 34 17 34
13 29 13 30
22 25 21 25
19 14 19 15
11 0 11 1
20 15 20 16
5 30 6 30
13 36 12 36
2 10 3 10
4 26 5 26
29 11 29 10
19 31 19 32
22 12 22 11
31 18 31 17
36 34 35 34
12 24 12 25
9 32 8 32
26 24 25 24
3 8 2 8
6 4 5 4
24 25 24 26
38 4 37 4
12 35 11 35
17 5 16 5
24 10 23 10
12 29 13 29
11 10 10 10
23 29 23 28
8 6 8 7
6 37 7 37
28 7 29 7
30 35 30 36
22 8 22 9
25 24 24 24
3 12 2 12
0 0 1 0
18 30 17 30
7 27 7 26
29 8 30 8
19 10 20 10
8 14 7 14
13 30 13 31
7 0 8 0
10 37 11 37
15 27 15 28
13 16 14 16
22 33 21 33
25 38 26 38
21 29 21 28
36 24 36 25
18 23 18 22
26 5 26 4
35 28 35 27
23 18 22 18
4 15 4 16
29 20 29 21
35 17 35 16
15 28 16 28
26 35 25 35
30 1 31 1
36 2 36 1
38 1 37 1
2 22 2 23
22 5 22 6
9 29 10 29
13 22 12 22
16 2 17 2
21 23 22 23
19 24 19 25
12 32 11 32
34 1 34 0
22 32 23 32
37 11 37 12
2 37 1 37
1 37 2 37
13 19 13 20
5 24 4 24
31 19 31 20
12 36 13 36
38 10 37 10
10 28 9 28
35 0 35 1
36 25 36 26
24 9 24 10
8 0 7 0
28 3 28 4
29 3 30 3
1 21 1 20
35 24 36 24
5 37 5 38
16 15 15 15
27 1 26 1
31 20 31 19
23 24 23 23
7 33 6 33
7 37 7 38
36 0 35 0
7 10 7 11
12 13 13 13
0 4 1 4
34 6 35 6
14 20 14 21
3 29 3 30
9 7 9 8
24 10 24 9
23 32 23 33
7 0 7 1
7 3 8 3
34 38 34 37
20 35 21 35
20 3 19 3
33 9 32 9
35 14 35 13
4 29 4 30
27 0 27 1
33 34 33 35
0 30 1 30
7 2 6 2
10 35 10 36
32 37 33 37
18 14 19 14
7 15 6 15
2 8 2 7
5 16 5 15
1 0 0 0
3 5 2 5
4 38 4 37
11 1 11 2
6 0 5 0
12 37 12 36
26 15 27 15
11 35 10 35
29 26 30 26
29 27 30 27
9 31 10 31
13 13 13 12
9 33 9 32
27 21 28 21
28 25 28 24
35 6 35 5
16 1 16 0
25 14 25 13
3 30 3 29
5 3 4 3
38 24 38 25
11 27 11 28
9 30 9 31
11 18 12 18
14 6 13 6
12 28 13 28
23 27 24 27
35 10 36 10
6 26 6 27
18 22 17 22
5 26 4 26
20 16 21 16
6 15 6 16
36 1 36 0
12 36 11 36
20 30 21 30
3 10 2 10
6 30 5 30
30 11 30 12
7 38 7 37
1 20 0 20
24 9 25 9
16 35 16 34
13 35 14 35
26 23 26 22
7 24 8 24
7 14 8 14
36 14 37 14
22 37 23 37
37 10 38 10
10 38 11 38
28 9 29 9
23 22 24 22
8 23 7 23
13 15 13 14
14 33 14 34
3 38 4 38
0 0 1 0
37 35 36 35
20 17 20 18
25 21 26 21
30 5 30 4
27 1 27 2
22 19 23 19
24 0 23 0
27 22 27 21
26 25 26 26
33 31 32 31
38 21 38 22
2 15 2 16
12 1 11 1
1 35 1 34
14 35 13 35
12 22 11 22
28 28 29 28
35 3 35 4
9 28 9 29
29 25 30 25
152
7 23 10 23
28 17 30 17
16 32 16 34
28 21 29 21
20 25 20 26
35 0 36 0
18 4 25 4
1 31 1 33
3 22 3 24
7 19 11 19
0 13 0 14
2 37 2 38
37 14 37 15
27 11 36 11
27 7 27 9
22 30 27 30
32 24 32 28
3 1 7 1
23 28 29 28
0 34 1 34
6 14 8 14
7 29 7 31
7 11 7 12
6 12 7 12
26 21 27 21
17 34 17 35
35 4 35 5
8 3 8 4
30 34 30 36
38 17 38 18
32 36 35 36
18 15 18 19
21 30 21 31
27 24 27 26
30 8 30 10
30 7 30 8
30 7 34 7
2 33 2 37
2 33 6 33
7 31 9 31
12 2 12 18
11 19 11 20
27 23 27 24
27 23 29 23
31 35 32 35
25 22 25 27
4 9 4 13
37 15 37 22
27 29 27 30
14 16 14 18
11 20 11 21
4 38 5 38
8 4 8 7
8 4 9 4
29 23 29 28
19 14 21 14
1 2 1 4
22 16 22 18
8 7 8 8
8 7 11 7
16 9 16 11
10 34 10 35
18 31 18 33
18 31 21 31
6 27 6 33
6 27 14 27
8 8 8 11
16 7 23 7
36 0 36 10
2 19 2 21
2 19 6 19
18 26 18 31
0 21 0 29
24 34 30 34
10 23 10 26
10 23 11 23
37 8 37 9
38 22 38 25
24 32 26 32
7 21 7 22
7 21 10 21
11 36 13 36
14 21 14 27
14 21 22 21
1 8 1 9
31 24 31 31
31 24 32 24
37 22 37 23
0 29 1 29
2 13 2 16
29 7 29 9
24 29 27 29
3 25 3 29
16 16 16 18
25 13 25 16
4 30 4 31
26 13 34 13
1 33 2 33
27 6 27 7
22 24 22 30
13 7 14 7
32 0 32 5
12 20 13 20
21 8 23 8
31 34 31 35
31 34 35 34
36 10 36 11
17 31 17 32
38 10 38 13
24 22 25 22
12 21 14 21
8 32 8 33
31 19 35 19
19 2 19 3
10 8 10 10
6 38 11 38
22 23 23 23
33 0 34 0
25 2 26 2
4 34 4 37
16 18 16 20
22 34 22 38
0 7 0 13
29 6 29 7
37 4 37 8
27 36 27 37
27 36 30 36
36 26 37 26
5 14 6 14
16 30 16 32
8 34 8 36
35 13 38 13
33 26 33 33
8 33 8 34
8 33 13 33
16 0 20 0
20 33 20 36
13 35 17 35
2 29 2 33
19 25 20 25
28 37 33 37
8 28 11 28
11 1 11 2
11 2 12 2
10 10 10 14
9 4 9 5
17 14 19 14
6 33 8 33
20 0 21 0
7 17 7 19
14 12 26 12
20 19 23 19
