11
1 1 2 1
4 14 4 13
13 1 14 1
8 8 8 9
2 1 1 1
4 13 4 14
3 10 3 9
11 17 10 17
6 8 7 8
3 16 3 17
5 11 5 10
198
3 4 3 5
3 4 4 4
7 7 7 8
5 4 5 5
6 7 6 9
5 10 6 10
17 5 17 6
17 14 17 15
14 7 14 8
5 17 6 17
8 13 8 14
1 2 1 3
15 12 15 13
15 12 16 12
4 16 4 17
4 16 5 16
1 5 1 6
4 6 4 7
4 7 5 7
17 13 17 14
13 11 15 11
2 14 3 14
11 12 11 13
11 12 12 12
3 7 4 7
16 9 16 10
16 9 17 9
14 12 14 13
1 3 1 4
13 3 13 4
3 17 4 17
8 17 9 17
14 6 14 7
14 6 15 6
9 1 10 1
11 9 11 10
11 9 12 9
12 16 12 17
7 4 7 5
0 17 1 17
1 9 1 10
1 9 3 9
16 3 16 4
10 15 10 16
10 15 11 15
13 15 13 16
14 5 14 6
14 5 15 5
9 10 10 10
4 12 4 14
14 4 15 4
15 16 15 17
15 16 16 16
10 12 11 12
13 4 13 5
4 5 4 6
0 10 1 10
6 1 7 1
12 11 12 12
12 11 13 11
13 14 14 14
5 5 5 6
11 10 11 11
13 13 13 14
13 17 14 17
7 5 7 6
11 0 11 1
6 6 7 6
1 8 1 9
7 15 8 15
7 11 7 12
3 9 4 9
1 13 2 13
4 4 5 4
11 15 11 16
11 15 12 15
10 8 10 9
5 3 6 3
3 0 3 1
2 12 2 13
9 11 9 12
9 11 10 11
16 11 16 12
1 0 1 1
1 0 2 0
5 12 6 12
16 15 17 15
1 7 2 7
14 0 15 0
17 12 17 13
4 11 4 12
14 3 15 3
7 6 7 7
7 6 8 6
11 6 12 6
5 14 5 15
5 14 6 14
2 4 3 4
2 13 2 14
3 14 3 15
0 1 1 1
10 4 10 5
15 13 15 14
12 5 13 5
16 10 17 10
10 1 11 1
7 10 7 11
7 10 8 10
14 15 15 15
5 7 5 8
5 9 6 9
0 6 0 7
0 6 1 6
5 1 5 2
5 1 6 1
10 16 11 16
0 8 0 9
14 2 14 3
14 2 15 2
6 4 6 6
6 4 7 4
13 5 14 5
12 8 12 9
12 8 13 8
13 16 14 16
8 14 9 14
14 9 14 10
14 9 15 9
10 9 11 9
8 16 8 17
12 10 12 11
5 16 6 16
1 15 1 17
4 0 4 1
0 4 1 4
4 3 5 3
13 9 13 10
5 2 5 3
3 8 4 8
10 14 11 14
7 17 8 17
16 8 17 8
11 7 12 7
0 13 0 14
6 10 7 10
17 10 17 11
2 3 2 4
2 3 3 3
15 4 16 4
6 13 6 14
8 9 9 9
17 9 17 10
9 9 10 9
15 5 15 6
9 6 10 6
2 2 2 3
17 0 17 1
1 12 1 13
1 12 2 12
15 8 15 9
12 2 13 2
15 2 15 3
11 2 12 2
4 1 5 1
10 17 12 17
17 6 17 8
0 11 1 11
15 1 15 2
15 1 16 1
6 0 7 0
12 14 12 15
12 14 13 14
2 8 3 8
1 11 2 11
9 15 10 15
14 1 14 2
14 1 15 1
9 5 9 6
7 9 7 10
9 4 10 4
15 10 16 10
11 3 11 4
8 3 8 4
4 14 5 14
8 1 9 1
3 3 3 4
13 8 14 8
3 15 3 17
6 3 6 4
16 13 16 14
3 12 4 12
8 2 9 2
12 17 13 17
15 6 16 6
1 17 2 17
7 8 7 9
14 16 15 16
0 12 0 13
