15
10 7 11 7
17 2 16 2
15 1 14 1
4 4 4 5
9 17 8 17
5 13 5 12
9 8 9 9
9 7 10 7
8 7 9 7
17 3 17 2
16 1 15 1
1 15 1 14
16 3 17 3
8 3 8 4
5 12 5 11
201
16 14 17 14
1 1 1 2
15 17 16 17
1 9 2 9
8 0 9 0
5 4 7 4
17 11 17 12
3 12 3 14
3 12 4 12
5 6 5 7
10 0 11 0
11 13 11 14
11 13 12 13
8 14 9 14
3 14 4 14
12 6 13 6
15 5 15 6
15 5 16 5
2 3 2 4
4 9 5 9
5 5 7 5
14 6 14 7
2 15 2 16
6 8 6 9
12 10 12 11
10 11 10 12
10 11 11 11
4 10 4 11
4 10 5 10
4 8 4 9
4 8 5 8
5 7 6 7
2 8 3 8
2 14 2 15
7 6 7 7
0 4 1 4
15 14 15 15
15 14 16 14
6 9 7 9
15 13 16 13
4 5 4 6
2 1 2 2
10 7 10 8
2 10 3 10
15 2 15 3
15 8 16 8
16 17 17 17
14 2 15 2
2 2 2 3
12 12 12 13
12 12 13 12
8 13 8 14
14 15 15 15
17 14 17 15
2 5 2 6
2 7 2 8
13 16 13 17
13 16 14 16
12 11 12 12
7 7 9 7
14 12 15 12
10 2 10 3
16 13 17 13
9 16 10 16
4 13 6 13
5 1 5 2
12 4 13 4
11 11 11 12
1 3 1 4
15 0 16 0
10 14 10 15
10 14 11 14
15 3 17 3
0 13 0 14
10 16 10 17
10 16 11 16
3 8 3 9
2 6 2 7
2 6 3 6
4 0 4 1
4 6 5 6
16 16 16 17
1 10 1 11
2 12 2 13
2 12 3 12
3 3 3 4
3 3 4 3
12 8 12 9
1 11 2 11
9 9 10 9
9 11 10 11
17 9 17 10
11 6 12 6
9 3 9 4
9 3 10 3
1 7 2 7
10 6 10 7
10 6 11 6
3 15 4 15
3 11 4 11
10 9 10 10
4 3 4 5
6 16 7 16
2 9 2 10
6 0 6 2
4 16 5 16
3 16 4 16
14 7 14 8
14 7 15 7
5 8 5 9
13 8 14 8
0 6 0 7
13 11 14 11
13 12 14 12
0 8 1 8
15 9 16 9
7 14 8 14
9 0 10 0
4 12 6 12
7 13 7 14
7 13 8 13
14 5 15 5
6 7 6 8
6 7 7 7
14 10 14 11
6 11 6 12
6 11 7 11
12 0 12 1
12 0 13 0
0 10 1 10
16 11 16 12
11 3 11 4
11 3 12 3
1 0 1 1
13 4 13 5
13 4 14 4
7 11 8 11
3 2 4 2
14 0 14 1
7 16 8 16
17 15 17 16
9 2 9 3
9 2 10 2
12 3 13 3
7 0 7 1
7 0 8 0
8 12 8 13
8 12 10 12
16 15 16 16
15 15 15 16
16 2 17 2
10 4 10 6
17 1 17 2
8 4 9 4
10 13 10 14
10 13 11 13
15 12 16 12
13 15 13 16
13 9 13 10
13 9 14 9
11 0 11 1
11 16 11 17
11 16 12 16
5 10 5 11
5 10 6 10
4 11 5 11
7 10 7 11
0 12 0 13
13 1 13 2
13 1 14 1
10 17 11 17
13 3 14 3
7 3 7 4
2 11 3 11
1 4 1 5
3 7 5 7
12 5 12 6
1 13 2 13
12 17 13 17
11 7 11 8
11 7 12 7
12 7 13 7
8 1 9 1
2 4 2 5
10 8 10 9
7 12 7 13
7 12 8 12
0 7 1 7
8 8 8 9
10 12 11 12
9 5 9 6
14 4 15 4
8 2 8 4
8 2 9 2
10 15 10 16
9 6 9 7
1 8 1 9
11 5 11 6
11 5 12 5
10 10 10 11
5 15 5 16
