130
26 9 27 9
22 8 23 8
15 2 16 2
3 8 2 8
9 13 9 14
4 23 4 24
7 2 8 2
8 12 9 12
30 29 31 29
21 15 21 16
29 18 28 18
16 2 16 3
29 25 30 25
7 6 7 5
10 16 10 15
9 12 9 13
8 2 9 2
7 15 8 15
29 27 29 28
17 4 16 4
29 31 29 30
5 11 4 11
22 9 22 8
12 28 13 28
31 20 30 20
5 19 6 19
11 17 12 17
27 8 26 8
11 3 11 4
7 12 8 12
18 5 18 4
6 2 6 3
21 16 21 15
9 5 9 6
12 16 13 16
14 7 14 6
3 28 4 28
22 11 23 11
17 2 18 2
31 15 31 16
22 19 21 19
18 26 18 25
4 7 4 8
9 22 9 21
16 7 16 6
9 27 10 27
18 20 17 20
1 16 1 17
5 23 4 23
5 0 4 0
25 21 25 22
2 8 1 8
8 19 9 19
20 4 20 5
12 26 11 26
12 22 11 22
30 24 31 24
13 7 14 7
14 15 14 16
22 2 21 2
14 31 13 31
22 28 23 28
27 25 28 25
5 14 5 15
28 14 28 15
8 15 8 16
28 0 28 1
4 4 4 3
0 19 1 19
30 25 29 25
17 17 16 17
14 5 14 4
11 7 11 6
31 26 31 27
13 14 13 13
6 1 6 0
16 17 15 17
0 12 0 11
23 7 24 7
11 1 12 1
25 31 24 31
17 1 17 0
30 4 31 4
29 14 28 14
18 25 18 26
13 1 14 1
6 16 7 16
22 21 22 22
24 2 24 3
3 18 3 17
7 5 8 5
21 2 21 3
25 10 25 9
21 17 22 17
14 1 14 2
21 27 21 28
18 26 18 27
29 0 30 0
28 12 28 11
22 20 22 19
4 29 5 29
1 8 2 8
31 24 31 23
13 24 12 24
30 13 31 13
9 17 9 16
14 2 14 3
28 14 28 13
28 10 29 10
6 5 6 4
25 29 26 29
30 3 30 4
2 20 2 19
12 20 12 19
24 17 24 18
30 14 30 15
23 10 24 10
20 19 20 20
4 3 5 3
23 11 23 10
0 13 1 13
31 13 30 13
23 2 22 2
19 24 18 24
24 6 24 5
20 17 20 18
1 19 1 20
3 29 2 29
0 18 1 18
14 7 14 8
162
27 9 27 10
22 3 22 5
22 3 24 3
0 14 1 14
18 16 18 19
23 5 23 6
17 10 21 10
9 16 9 19
22 10 22 16
4 28 4 30
4 28 9 28
19 26 19 29
19 26 20 26
6 0 13 0
4 5 8 5
15 11 15 12
24 23 27 23
29 13 30 13
6 9 6 11
28 26 29 26
16 3 16 4
7 19 7 26
28 22 31 22
2 8 2 9
10 1 12 1
27 11 27 21
4 15 5 15
10 10 10 11
6 11 6 12
15 20 17 20
14 26 14 28
2 25 3 25
12 21 12 24
16 29 16 31
16 29 17 29
28 21 28 22
26 13 26 14
11 24 12 24
3 20 4 20
24 28 25 28
20 21 21 21
9 4 11 4
8 10 8 11
2 14 3 14
0 20 0 21
0 20 1 20
10 9 10 10
10 9 11 9
9 21 9 26
9 21 12 21
0 24 0 28
4 30 4 31
4 30 8 30
23 21 23 25
8 3 8 4
25 26 28 26
24 3 25 3
2 11 4 11
25 19 25 20
4 11 4 15
18 30 26 30
17 20 19 20
17 0 22 0
19 11 19 13
19 25 23 25
22 17 23 17
0 1 1 1
23 28 24 28
20 6 23 6
8 7 9 7
23 1 24 1
22 16 24 16
3 17 5 17
8 27 10 27
25 27 25 28
4 0 6 0
0 28 4 28
4 20 4 23
21 15 21 19
2 23 2 25
2 23 3 23
5 7 5 8
28 11 31 11
15 28 17 28
23 25 23 28
23 25 26 25
22 5 23 5
10 26 10 27
1 1 1 6
12 1 12 4
11 6 11 9
23 17 23 21
1 18 5 18
13 28 13 31
13 28 14 28
2 10 2 11
5 18 7 18
10 29 11 29
10 11 15 11
13 6 14 6
11 22 11 24
24 18 24 23
27 21 28 21
23 13 26 13
11 4 11 6
11 4 12 4
6 8 6 9
28 2 29 2
1 20 1 24
14 24 18 24
27 10 29 10
0 2 0 4
18 2 22 2
17 5 20 5
8 29 8 30
24 26 24 28
22 8 23 8
6 27 7 27
15 0 17 0
5 15 5 16
17 13 17 16
24 16 26 16
31 29 31 30
7 26 9 26
12 19 12 21
12 19 18 19
13 3 13 4
3 19 3 20
26 14 26 16
30 26 30 28
7 16 7 18
7 16 8 16
24 5 25 5
16 21 16 23
8 4 8 5
18 24 18 27
28 28 29 28
2 19 3 19
2 27 3 27
17 27 18 27
29 2 29 4
7 18 7 19
10 17 12 17
25 28 26 28
6 7 7 7
3 26 3 27
14 16 15 16
28 1 29 1
11 10 15 10
23 9 23 10
1 10 1 12
31 19 31 21
3 23 3 25
21 3 21 5
13 31 16 31
9 29 9 30
9 29 10 29
31 11 31 14
18 27 18 28
1 9 1 10
1 9 2 9
6 19 6 26
